%YAML:1.0
---
sample0: [ 31, 52 ]
sample1: [ 31, 55 ]
sample2: [ 31, 52 ]
sample3: [ 32, 54 ]
sample4: [ 35, 61 ]
sample5: [ 34, 55 ]
sample6: [ 36, 52 ]
sample7: [ 31, 54 ]
sample8: [ 40, 59 ]
sample9: [ 37, 61 ]
sample10: [ 41, 61 ]
sample11: [ 32, 58 ]
sample12: [ 32, 52 ]
sample13: [ 29, 54 ]
sample14: [ 30, 53 ]
sample15: [ 30, 54 ]
sample16: [ 33, 52 ]
sample17: [ 33, 51 ]
sample18: [ 29, 54 ]
sample19: [ 28, 56 ]
sample20: [ 37, 61 ]
sample21: [ 34, 62 ]
sample22: [ 31, 56 ]
sample23: [ 39, 59 ]
sample24: [ 31, 54 ]
sample25: [ 27, 57 ]
sample26: [ 28, 55 ]
sample27: [ 31, 52 ]
sample28: [ 32, 52 ]
sample29: [ 33, 49 ]
sample30: [ 33, 55 ]
sample31: [ 30, 54 ]
sample32: [ 33, 53 ]
sample33: [ 36, 50 ]
sample34: [ 40, 62 ]
sample35: [ 35, 62 ]
sample36: [ 33, 53 ]
sample37: [ 32, 56 ]
sample38: [ 27, 55 ]
sample39: [ 34, 62 ]
sample40: [ 33, 53 ]
sample41: [ 31, 54 ]
sample42: [ 31, 53 ]
sample43: [ 33, 54 ]
sample44: [ 29, 54 ]
sample45: [ 33, 62 ]
sample46: [ 28, 55 ]
sample47: [ 34, 50 ]
sample48: [ 31, 60 ]
sample49: [ 29, 54 ]
sample50: [ 36, 52 ]
sample51: [ 31, 52 ]
sample52: [ 34, 55 ]
sample53: [ 33, 50 ]
sample54: [ 31, 54 ]
sample55: [ 27, 54 ]
sample56: [ 29, 56 ]
sample57: [ 33, 54 ]
sample58: [ 31, 54 ]
sample59: [ 33, 53 ]
sample60: [ 32, 56 ]
sample61: [ 30, 53 ]
sample62: [ 40, 62 ]
sample63: [ 33, 62 ]
sample64: [ 29, 57 ]
sample65: [ 30, 54 ]
sample66: [ 34, 58 ]
sample67: [ 32, 59 ]
sample68: [ 34, 50 ]
sample69: [ 43, 59 ]
sample70: [ 29, 53 ]
sample71: [ 37, 62 ]
sample72: [ 31, 52 ]
sample73: [ 30, 53 ]
sample74: [ 31, 52 ]
sample75: [ 30, 58 ]
sample76: [ 32, 54 ]
sample77: [ 29, 54 ]
sample78: [ 30, 54 ]
sample79: [ 34, 53 ]
sample80: [ 34, 53 ]
sample81: [ 30, 53 ]
sample82: [ 34, 57 ]
sample83: [ 29, 54 ]
sample84: [ 37, 61 ]
sample85: [ 30, 52 ]
sample86: [ 34, 57 ]
sample87: [ 36, 60 ]
sample88: [ 34, 61 ]
sample89: [ 31, 53 ]
sample90: [ 40, 62 ]
sample91: [ 31, 52 ]
sample92: [ 30, 54 ]
sample93: [ 31, 55 ]
sample94: [ 35, 53 ]
sample95: [ 30, 56 ]
sample96: [ 30, 54 ]
sample97: [ 33, 54 ]
sample98: [ 34, 61 ]
sample99: [ 32, 52 ]
sample100: [ 35, 58 ]
sample101: [ 29, 54 ]
sample102: [ 30, 52 ]
sample103: [ 32, 52 ]
sample104: [ 30, 53 ]
sample105: [ 35, 62 ]
sample106: [ 33, 53 ]
sample107: [ 34, 57 ]
sample108: [ 32, 53 ]
sample109: [ 35, 52 ]
sample110: [ 33, 53 ]
sample111: [ 34, 55 ]
sample112: [ 31, 52 ]
sample113: [ 30, 57 ]
sample114: [ 30, 53 ]
sample115: [ 35, 59 ]
sample116: [ 31, 55 ]
sample117: [ 30, 55 ]
sample118: [ 32, 54 ]
sample119: [ 34, 48 ]
sample120: [ 31, 52 ]
sample121: [ 34, 51 ]
sample122: [ 33, 53 ]
sample123: [ 29, 54 ]
sample124: [ 34, 62 ]
sample125: [ 38, 62 ]
sample126: [ 33, 54 ]
sample127: [ 30, 54 ]
sample128: [ 31, 55 ]
sample129: [ 30, 56 ]
sample130: [ 29, 54 ]
sample131: [ 28, 54 ]
sample132: [ 32, 54 ]
sample133: [ 31, 52 ]
sample134: [ 29, 53 ]
sample135: [ 42, 55 ]
sample136: [ 29, 54 ]
sample137: [ 31, 57 ]
sample138: [ 29, 54 ]
sample139: [ 32, 53 ]
sample140: [ 27, 56 ]
sample141: [ 27, 54 ]
sample142: [ 37, 61 ]
sample143: [ 32, 55 ]
sample144: [ 39, 60 ]
sample145: [ 31, 54 ]
sample146: [ 35, 54 ]
sample147: [ 30, 52 ]
sample148: [ 36, 62 ]
sample149: [ 33, 55 ]
sample150: [ 30, 53 ]
sample151: [ 29, 56 ]
sample152: [ 32, 54 ]
sample153: [ 32, 54 ]
sample154: [ 34, 52 ]
sample155: [ 31, 61 ]
sample156: [ 30, 53 ]
sample157: [ 30, 55 ]
sample158: [ 31, 53 ]
sample159: [ 30, 55 ]
sample160: [ 30, 53 ]
sample161: [ 31, 56 ]
sample162: [ 27, 56 ]
sample163: [ 29, 54 ]
sample164: [ 28, 55 ]
sample165: [ 37, 61 ]
sample166: [ 31, 53 ]
sample167: [ 31, 53 ]
sample168: [ 30, 55 ]
sample169: [ 38, 61 ]
sample170: [ 32, 51 ]
sample171: [ 32, 52 ]
sample172: [ 31, 51 ]
sample173: [ 30, 54 ]
sample174: [ 33, 53 ]
sample175: [ 39, 61 ]
sample176: [ 27, 56 ]
sample177: [ 31, 53 ]
sample178: [ 28, 54 ]
sample179: [ 33, 49 ]
sample180: [ 33, 54 ]
sample181: [ 31, 52 ]
sample182: [ 29, 54 ]
sample183: [ 29, 54 ]
sample184: [ 32, 51 ]
sample185: [ 31, 52 ]
sample186: [ 29, 54 ]
sample187: [ 27, 54 ]
sample188: [ 30, 54 ]
sample189: [ 30, 54 ]
sample190: [ 33, 54 ]
sample191: [ 31, 54 ]
sample192: [ 32, 52 ]
sample193: [ 30, 54 ]
sample194: [ 30, 52 ]
sample195: [ 32, 54 ]
sample196: [ 36, 61 ]
sample197: [ 28, 54 ]
sample198: [ 33, 52 ]
sample199: [ 33, 51 ]
sample200: [ 31, 57 ]
sample201: [ 30, 53 ]
sample202: [ 34, 50 ]
sample203: [ 28, 57 ]
sample204: [ 31, 55 ]
sample205: [ 34, 56 ]
sample206: [ 32, 59 ]
sample207: [ 31, 52 ]
sample208: [ 30, 53 ]
sample209: [ 31, 53 ]
sample210: [ 32, 52 ]
sample211: [ 32, 52 ]
sample212: [ 32, 54 ]
sample213: [ 35, 57 ]
sample214: [ 31, 53 ]
sample215: [ 33, 52 ]
sample216: [ 32, 52 ]
sample217: [ 31, 54 ]
sample218: [ 27, 55 ]
sample219: [ 41, 61 ]
sample220: [ 34, 59 ]
sample221: [ 32, 54 ]
sample222: [ 33, 50 ]
sample223: [ 32, 52 ]
sample224: [ 31, 56 ]
sample225: [ 31, 52 ]
sample226: [ 29, 55 ]
sample227: [ 39, 62 ]
sample228: [ 32, 52 ]
sample229: [ 29, 60 ]
sample230: [ 31, 55 ]
sample231: [ 30, 54 ]
sample232: [ 30, 54 ]
sample233: [ 29, 54 ]
sample234: [ 29, 54 ]
sample235: [ 29, 54 ]
sample236: [ 31, 55 ]
sample237: [ 35, 62 ]
sample238: [ 30, 53 ]
sample239: [ 32, 53 ]
sample240: [ 29, 53 ]
sample241: [ 31, 52 ]
sample242: [ 31, 56 ]
sample243: [ 26, 56 ]
sample244: [ 34, 52 ]
sample245: [ 29, 53 ]
sample246: [ 28, 54 ]
sample247: [ 31, 52 ]
sample248: [ 30, 56 ]
sample249: [ 34, 52 ]
sample250: [ 30, 54 ]
sample251: [ 31, 53 ]
sample252: [ 30, 53 ]
sample253: [ 30, 53 ]
sample254: [ 39, 61 ]
sample255: [ 32, 55 ]
sample256: [ 29, 53 ]
sample257: [ 31, 55 ]
sample258: [ 36, 61 ]
sample259: [ 30, 54 ]
sample260: [ 32, 52 ]
sample261: [ 29, 57 ]
sample262: [ 31, 52 ]
sample263: [ 30, 53 ]
sample264: [ 32, 54 ]
sample265: [ 29, 53 ]
sample266: [ 32, 53 ]
sample267: [ 35, 52 ]
sample268: [ 32, 54 ]
sample269: [ 33, 53 ]
sample270: [ 35, 61 ]
sample271: [ 30, 56 ]
sample272: [ 31, 53 ]
sample273: [ 29, 53 ]
sample274: [ 31, 57 ]
sample275: [ 33, 53 ]
sample276: [ 31, 54 ]
sample277: [ 32, 52 ]
sample278: [ 28, 57 ]
sample279: [ 32, 53 ]
sample280: [ 31, 53 ]
sample281: [ 30, 55 ]
sample282: [ 35, 62 ]
sample283: [ 34, 57 ]
sample284: [ 31, 53 ]
sample285: [ 34, 58 ]
sample286: [ 28, 53 ]
sample287: [ 37, 61 ]
sample288: [ 33, 51 ]
sample289: [ 28, 55 ]
sample290: [ 31, 53 ]
sample291: [ 31, 56 ]
sample292: [ 36, 61 ]
sample293: [ 35, 61 ]
sample294: [ 33, 51 ]
sample295: [ 30, 53 ]
sample296: [ 31, 57 ]
sample297: [ 29, 54 ]
sample298: [ 33, 53 ]
sample299: [ 32, 54 ]
sample300: [ 31, 54 ]
sample301: [ 38, 61 ]
sample302: [ 33, 53 ]
sample303: [ 32, 53 ]
sample304: [ 39, 61 ]
sample305: [ 40, 61 ]
sample306: [ 32, 53 ]
sample307: [ 42, 62 ]
sample308: [ 29, 54 ]
sample309: [ 35, 61 ]
sample310: [ 31, 55 ]
sample311: [ 30, 54 ]
sample312: [ 31, 54 ]
sample313: [ 31, 53 ]
sample314: [ 31, 55 ]
sample315: [ 38, 52 ]
sample316: [ 32, 51 ]
sample317: [ 30, 56 ]
sample318: [ 29, 57 ]
sample319: [ 33, 52 ]
sample320: [ 33, 51 ]
sample321: [ 31, 56 ]
sample322: [ 33, 52 ]
sample323: [ 31, 52 ]
sample324: [ 36, 61 ]
sample325: [ 33, 52 ]
sample326: [ 37, 59 ]
sample327: [ 30, 52 ]
sample328: [ 30, 53 ]
sample329: [ 31, 52 ]
sample330: [ 31, 54 ]
sample331: [ 29, 53 ]
sample332: [ 33, 55 ]
sample333: [ 32, 57 ]
sample334: [ 34, 61 ]
sample335: [ 29, 54 ]
sample336: [ 32, 55 ]
sample337: [ 32, 55 ]
sample338: [ 31, 54 ]
sample339: [ 31, 53 ]
sample340: [ 33, 62 ]
sample341: [ 35, 50 ]
sample342: [ 26, 56 ]
sample343: [ 33, 53 ]
sample344: [ 37, 62 ]
sample345: [ 30, 55 ]
sample346: [ 28, 55 ]
sample347: [ 31, 53 ]
sample348: [ 43, 61 ]
sample349: [ 34, 53 ]
sample350: [ 30, 53 ]
sample351: [ 30, 53 ]
sample352: [ 28, 54 ]
sample353: [ 29, 53 ]
sample354: [ 30, 57 ]
sample355: [ 32, 51 ]
sample356: [ 30, 53 ]
sample357: [ 29, 61 ]
sample358: [ 29, 57 ]
sample359: [ 32, 54 ]
sample360: [ 28, 55 ]
sample361: [ 32, 53 ]
sample362: [ 33, 51 ]
sample363: [ 37, 62 ]
sample364: [ 32, 54 ]
sample365: [ 34, 52 ]
sample366: [ 32, 54 ]
sample367: [ 31, 55 ]
