%YAML:1.0
---
sample0: [ 1415, 147, 57, 32 ]
sample1: [ 1326, 145, 55, 30 ]
sample2: [ 1273, 140, 55, 30 ]
sample3: [ 1388, 148, 58, 30 ]
sample4: [ 1347, 141, 54, 30 ]
sample5: [ 1227, 139, 55, 26 ]
sample6: [ 1370, 144, 59, 30 ]
sample7: [ 1278, 141, 55, 28 ]
sample8: [ 1228, 138, 56, 26 ]
sample9: [ 1278, 142, 56, 27 ]
sample10: [ 1627, 160, 64, 32 ]
sample11: [ 1292, 141, 56, 30 ]
sample12: [ 1391, 148, 59, 31 ]
sample13: [ 1302, 138, 55, 30 ]
sample14: [ 1853, 162, 64, 36 ]
sample15: [ 1318, 141, 53, 30 ]
sample16: [ 1806, 165, 64, 34 ]
sample17: [ 1750, 165, 64, 34 ]
sample18: [ 1301, 141, 55, 30 ]
sample19: [ 1212, 145, 57, 26 ]
sample20: [ 1257, 138, 54, 28 ]
sample21: [ 1319, 139, 56, 30 ]
sample22: [ 1288, 140, 54, 28 ]
sample23: [ 1293, 143, 57, 29 ]
sample24: [ 1306, 143, 56, 28 ]
sample25: [ 1283, 138, 56, 27 ]
sample26: [ 1227, 139, 59, 26 ]
sample27: [ 1174, 139, 56, 24 ]
sample28: [ 1319, 138, 58, 29 ]
sample29: [ 1307, 139, 56, 28 ]
sample30: [ 1374, 142, 57, 30 ]
sample31: [ 1325, 144, 57, 30 ]
sample32: [ 1218, 141, 57, 26 ]
sample33: [ 1265, 144, 56, 26 ]
sample34: [ 1302, 136, 57, 28 ]
sample35: [ 1305, 142, 53, 29 ]
sample36: [ 1807, 163, 66, 34 ]
sample37: [ 1319, 147, 56, 28 ]
sample38: [ 1258, 138, 55, 29 ]
sample39: [ 1808, 161, 66, 34 ]
sample40: [ 1389, 148, 56, 30 ]
sample41: [ 1392, 147, 57, 29 ]
sample42: [ 1316, 144, 54, 28 ]
sample43: [ 1298, 142, 57, 28 ]
sample44: [ 1402, 149, 56, 30 ]
sample45: [ 1245, 147, 62, 26 ]
sample46: [ 1359, 136, 54, 30 ]
sample47: [ 1315, 139, 54, 28 ]
sample48: [ 1390, 140, 57, 30 ]
sample49: [ 1283, 130, 54, 30 ]
sample50: [ 1290, 144, 57, 27 ]
sample51: [ 1147, 143, 58, 24 ]
sample52: [ 1434, 142, 53, 34 ]
sample53: [ 1383, 139, 54, 31 ]
sample54: [ 1386, 148, 58, 32 ]
sample55: [ 1901, 169, 63, 35 ]
sample56: [ 1843, 167, 64, 34 ]
sample57: [ 1322, 140, 56, 28 ]
sample58: [ 1366, 142, 55, 30 ]
sample59: [ 1308, 142, 55, 30 ]
sample60: [ 1532, 150, 60, 30 ]
sample61: [ 1400, 149, 57, 30 ]
sample62: [ 1176, 141, 58, 24 ]
sample63: [ 1777, 165, 65, 32 ]
sample64: [ 1279, 143, 57, 28 ]
sample65: [ 1331, 148, 57, 28 ]
sample66: [ 1246, 143, 56, 26 ]
sample67: [ 1315, 141, 56, 30 ]
sample68: [ 1293, 144, 57, 26 ]
sample69: [ 1326, 140, 58, 30 ]
sample70: [ 1330, 138, 55, 29 ]
sample71: [ 1542, 149, 59, 32 ]
sample72: [ 1207, 139, 58, 26 ]
sample73: [ 1932, 170, 66, 36 ]
sample74: [ 1296, 142, 54, 28 ]
sample75: [ 1352, 144, 58, 30 ]
sample76: [ 1522, 151, 62, 31 ]
sample77: [ 1781, 159, 61, 36 ]
sample78: [ 1337, 145, 54, 28 ]
sample79: [ 1253, 140, 55, 28 ]
sample80: [ 1513, 154, 61, 30 ]
sample81: [ 1277, 139, 56, 26 ]
sample82: [ 1567, 154, 63, 30 ]
sample83: [ 1354, 146, 55, 32 ]
sample84: [ 1290, 141, 56, 27 ]
sample85: [ 1293, 139, 55, 30 ]
sample86: [ 1337, 143, 54, 30 ]
sample87: [ 1325, 140, 57, 30 ]
sample88: [ 1263, 142, 56, 27 ]
sample89: [ 1420, 151, 57, 32 ]
sample90: [ 1324, 146, 56, 30 ]
sample91: [ 1270, 143, 56, 26 ]
sample92: [ 1281, 138, 56, 30 ]
sample93: [ 1306, 146, 61, 27 ]
sample94: [ 1291, 145, 59, 26 ]
sample95: [ 1312, 143, 57, 28 ]
sample96: [ 1245, 140, 58, 26 ]
sample97: [ 1308, 142, 57, 30 ]
sample98: [ 1347, 146, 53, 30 ]
sample99: [ 1265, 143, 57, 30 ]
sample100: [ 1615, 163, 65, 30 ]
sample101: [ 1338, 144, 56, 27 ]
sample102: [ 1314, 140, 56, 28 ]
sample103: [ 1791, 164, 65, 36 ]
sample104: [ 1529, 152, 60, 32 ]
sample105: [ 1223, 138, 55, 26 ]
sample106: [ 1919, 172, 67, 36 ]
sample107: [ 1282, 144, 56, 28 ]
sample108: [ 1261, 141, 56, 26 ]
sample109: [ 1312, 142, 60, 28 ]
sample110: [ 1390, 145, 56, 30 ]
sample111: [ 1973, 172, 67, 38 ]
sample112: [ 1342, 143, 57, 28 ]
sample113: [ 1271, 141, 56, 29 ]
sample114: [ 1261, 140, 56, 27 ]
sample115: [ 1356, 149, 58, 30 ]
sample116: [ 1757, 160, 60, 36 ]
sample117: [ 1324, 147, 56, 30 ]
sample118: [ 1343, 144, 56, 32 ]
sample119: [ 1385, 143, 55, 30 ]
sample120: [ 1215, 137, 56, 26 ]
sample121: [ 1305, 144, 55, 30 ]
sample122: [ 1296, 138, 53, 30 ]
sample123: [ 1237, 137, 58, 28 ]
sample124: [ 1327, 143, 57, 28 ]
sample125: [ 1318, 148, 57, 28 ]
sample126: [ 1785, 164, 69, 32 ]
sample127: [ 1294, 145, 56, 28 ]
sample128: [ 1331, 141, 54, 30 ]
sample129: [ 1471, 156, 60, 32 ]
sample130: [ 1392, 151, 63, 30 ]
sample131: [ 1363, 147, 57, 30 ]
sample132: [ 1351, 143, 54, 30 ]
sample133: [ 1325, 146, 57, 29 ]
sample134: [ 1995, 170, 71, 37 ]
sample135: [ 1312, 139, 54, 30 ]
sample136: [ 1319, 143, 56, 28 ]
sample137: [ 1253, 139, 54, 28 ]
sample138: [ 1686, 162, 66, 32 ]
sample139: [ 1814, 162, 64, 34 ]
sample140: [ 1518, 156, 62, 30 ]
sample141: [ 1192, 140, 57, 26 ]
sample142: [ 1744, 162, 61, 36 ]
sample143: [ 1272, 141, 58, 28 ]
sample144: [ 1265, 138, 56, 29 ]
sample145: [ 1284, 142, 60, 26 ]
sample146: [ 1550, 156, 62, 32 ]
sample147: [ 1408, 145, 55, 31 ]
sample148: [ 1246, 146, 57, 26 ]
sample149: [ 1431, 148, 56, 29 ]
sample150: [ 1362, 142, 55, 29 ]
sample151: [ 1318, 144, 57, 28 ]
sample152: [ 1227, 140, 55, 26 ]
sample153: [ 1302, 141, 54, 30 ]
sample154: [ 1314, 144, 56, 29 ]
sample155: [ 1248, 139, 57, 26 ]
sample156: [ 1285, 147, 55, 28 ]
sample157: [ 1524, 155, 59, 31 ]
sample158: [ 1307, 150, 59, 26 ]
sample159: [ 1527, 153, 61, 30 ]
sample160: [ 1246, 142, 54, 29 ]
sample161: [ 1251, 142, 59, 27 ]
sample162: [ 1291, 136, 56, 28 ]
sample163: [ 1320, 145, 56, 30 ]
sample164: [ 1356, 144, 55, 30 ]
sample165: [ 1309, 142, 56, 30 ]
sample166: [ 1286, 139, 53, 28 ]
sample167: [ 1273, 142, 56, 26 ]
sample168: [ 1247, 139, 57, 28 ]
sample169: [ 1245, 139, 57, 27 ]
sample170: [ 1602, 158, 66, 30 ]
sample171: [ 1271, 145, 57, 29 ]
sample172: [ 1328, 144, 55, 26 ]
sample173: [ 1483, 153, 61, 28 ]
sample174: [ 1296, 145, 58, 26 ]
sample175: [ 1372, 147, 55, 29 ]
sample176: [ 1992, 174, 67, 36 ]
sample177: [ 1257, 139, 55, 30 ]
sample178: [ 1284, 142, 57, 28 ]
sample179: [ 1371, 142, 57, 31 ]
sample180: [ 1243, 142, 59, 26 ]
sample181: [ 1350, 144, 56, 28 ]
sample182: [ 1979, 174, 63, 36 ]
sample183: [ 1402, 145, 58, 31 ]
sample184: [ 1647, 162, 66, 32 ]
sample185: [ 1327, 139, 55, 30 ]
sample186: [ 1479, 151, 60, 32 ]
sample187: [ 1722, 162, 64, 32 ]
sample188: [ 1378, 152, 57, 30 ]
sample189: [ 1309, 145, 56, 28 ]
sample190: [ 1249, 140, 54, 28 ]
sample191: [ 1375, 149, 58, 30 ]
sample192: [ 1408, 149, 58, 30 ]
sample193: [ 1721, 159, 68, 32 ]
sample194: [ 1300, 145, 55, 28 ]
sample195: [ 1292, 144, 56, 28 ]
sample196: [ 1355, 144, 55, 30 ]
sample197: [ 1296, 145, 56, 28 ]
sample198: [ 1357, 144, 56, 30 ]
sample199: [ 1286, 142, 55, 28 ]
sample200: [ 1517, 151, 58, 32 ]
sample201: [ 1269, 144, 56, 26 ]
sample202: [ 1387, 148, 58, 29 ]
sample203: [ 1307, 140, 54, 30 ]
sample204: [ 1298, 140, 58, 28 ]
sample205: [ 1277, 148, 58, 28 ]
sample206: [ 1439, 150, 54, 31 ]
sample207: [ 1352, 140, 54, 31 ]
sample208: [ 1856, 171, 65, 35 ]
sample209: [ 2050, 171, 65, 39 ]
sample210: [ 1568, 152, 62, 30 ]
sample211: [ 1295, 144, 56, 28 ]
sample212: [ 1317, 140, 55, 29 ]
sample213: [ 2025, 173, 70, 38 ]
sample214: [ 1327, 140, 55, 31 ]
sample215: [ 1317, 140, 57, 30 ]
sample216: [ 1231, 132, 56, 28 ]
sample217: [ 1592, 157, 65, 31 ]
sample218: [ 1306, 146, 54, 28 ]
sample219: [ 1212, 139, 58, 26 ]
sample220: [ 1907, 167, 64, 34 ]
sample221: [ 1263, 140, 58, 27 ]
sample222: [ 1361, 140, 57, 30 ]
sample223: [ 1401, 149, 59, 28 ]
sample224: [ 1367, 141, 53, 30 ]
sample225: [ 1376, 153, 59, 26 ]
sample226: [ 1182, 138, 56, 24 ]
sample227: [ 1419, 149, 60, 31 ]
sample228: [ 1255, 142, 57, 28 ]
sample229: [ 1830, 166, 66, 32 ]
sample230: [ 1838, 166, 65, 34 ]
sample231: [ 1609, 158, 62, 30 ]
sample232: [ 1227, 136, 58, 28 ]
sample233: [ 1297, 141, 54, 30 ]
sample234: [ 1257, 141, 56, 26 ]
sample235: [ 1338, 140, 56, 29 ]
sample236: [ 1348, 147, 55, 30 ]
sample237: [ 1943, 166, 63, 36 ]
sample238: [ 1390, 148, 56, 30 ]
sample239: [ 1390, 142, 52, 32 ]
sample240: [ 1553, 157, 62, 32 ]
sample241: [ 1420, 149, 57, 30 ]
sample242: [ 1793, 164, 64, 34 ]
sample243: [ 1326, 148, 54, 30 ]
sample244: [ 1975, 176, 67, 38 ]
