%YAML:1.0
---
sample0: [ 38, 56 ]
sample1: [ 40, 47 ]
sample2: [ 54, 62 ]
sample3: [ 53, 62 ]
sample4: [ 38, 47 ]
sample5: [ 49, 59 ]
sample6: [ 43, 45 ]
sample7: [ 39, 46 ]
sample8: [ 40, 46 ]
sample9: [ 48, 59 ]
sample10: [ 58, 62 ]
sample11: [ 57, 60 ]
sample12: [ 57, 62 ]
sample13: [ 41, 48 ]
sample14: [ 60, 61 ]
sample15: [ 44, 59 ]
sample16: [ 60, 62 ]
sample17: [ 43, 46 ]
sample18: [ 37, 47 ]
sample19: [ 41, 47 ]
sample20: [ 54, 61 ]
sample21: [ 43, 43 ]
sample22: [ 48, 49 ]
sample23: [ 51, 55 ]
sample24: [ 48, 62 ]
sample25: [ 60, 60 ]
sample26: [ 60, 60 ]
sample27: [ 38, 46 ]
sample28: [ 40, 43 ]
sample29: [ 60, 59 ]
sample30: [ 42, 43 ]
sample31: [ 46, 49 ]
sample32: [ 43, 47 ]
sample33: [ 62, 62 ]
sample34: [ 36, 49 ]
sample35: [ 44, 47 ]
sample36: [ 45, 45 ]
sample37: [ 56, 62 ]
sample38: [ 51, 61 ]
sample39: [ 36, 48 ]
sample40: [ 40, 48 ]
sample41: [ 49, 54 ]
sample42: [ 41, 44 ]
sample43: [ 35, 48 ]
sample44: [ 39, 50 ]
sample45: [ 58, 59 ]
sample46: [ 62, 62 ]
sample47: [ 52, 60 ]
sample48: [ 39, 48 ]
sample49: [ 44, 51 ]
sample50: [ 51, 56 ]
sample51: [ 58, 62 ]
sample52: [ 42, 44 ]
sample53: [ 41, 47 ]
sample54: [ 51, 53 ]
sample55: [ 54, 62 ]
sample56: [ 43, 60 ]
sample57: [ 43, 48 ]
sample58: [ 48, 60 ]
sample59: [ 62, 62 ]
sample60: [ 45, 46 ]
sample61: [ 44, 53 ]
sample62: [ 55, 62 ]
sample63: [ 47, 49 ]
sample64: [ 40, 47 ]
sample65: [ 50, 60 ]
sample66: [ 54, 62 ]
sample67: [ 46, 62 ]
sample68: [ 53, 60 ]
sample69: [ 43, 56 ]
sample70: [ 38, 48 ]
sample71: [ 59, 62 ]
sample72: [ 37, 50 ]
sample73: [ 40, 47 ]
sample74: [ 58, 62 ]
sample75: [ 42, 48 ]
sample76: [ 43, 50 ]
sample77: [ 47, 51 ]
sample78: [ 43, 44 ]
sample79: [ 48, 49 ]
sample80: [ 54, 55 ]
sample81: [ 62, 62 ]
sample82: [ 44, 60 ]
sample83: [ 41, 45 ]
sample84: [ 41, 45 ]
sample85: [ 59, 62 ]
sample86: [ 58, 60 ]
sample87: [ 46, 62 ]
sample88: [ 38, 48 ]
sample89: [ 57, 61 ]
sample90: [ 46, 62 ]
sample91: [ 56, 62 ]
sample92: [ 44, 55 ]
sample93: [ 47, 59 ]
sample94: [ 37, 50 ]
sample95: [ 42, 45 ]
sample96: [ 42, 49 ]
sample97: [ 42, 44 ]
sample98: [ 42, 47 ]
sample99: [ 45, 59 ]
sample100: [ 40, 62 ]
sample101: [ 45, 48 ]
sample102: [ 39, 46 ]
sample103: [ 58, 62 ]
sample104: [ 47, 62 ]
sample105: [ 58, 60 ]
sample106: [ 29, 53 ]
sample107: [ 51, 51 ]
sample108: [ 44, 47 ]
sample109: [ 42, 48 ]
sample110: [ 45, 46 ]
sample111: [ 55, 62 ]
sample112: [ 44, 62 ]
sample113: [ 52, 62 ]
sample114: [ 41, 43 ]
sample115: [ 50, 59 ]
sample116: [ 58, 62 ]
sample117: [ 46, 61 ]
sample118: [ 60, 59 ]
sample119: [ 43, 47 ]
sample120: [ 50, 62 ]
sample121: [ 52, 62 ]
sample122: [ 57, 60 ]
sample123: [ 59, 62 ]
sample124: [ 49, 62 ]
sample125: [ 51, 56 ]
sample126: [ 40, 49 ]
sample127: [ 27, 54 ]
sample128: [ 53, 60 ]
sample129: [ 38, 47 ]
sample130: [ 43, 47 ]
sample131: [ 41, 51 ]
sample132: [ 36, 49 ]
sample133: [ 43, 58 ]
sample134: [ 48, 58 ]
sample135: [ 38, 50 ]
sample136: [ 35, 51 ]
sample137: [ 46, 50 ]
sample138: [ 46, 60 ]
sample139: [ 41, 46 ]
sample140: [ 58, 62 ]
sample141: [ 41, 47 ]
sample142: [ 37, 47 ]
sample143: [ 38, 48 ]
sample144: [ 37, 49 ]
sample145: [ 43, 48 ]
sample146: [ 41, 42 ]
sample147: [ 50, 52 ]
sample148: [ 62, 60 ]
sample149: [ 45, 44 ]
sample150: [ 41, 45 ]
sample151: [ 41, 48 ]
sample152: [ 39, 52 ]
sample153: [ 43, 47 ]
sample154: [ 46, 52 ]
sample155: [ 39, 60 ]
sample156: [ 46, 55 ]
sample157: [ 43, 50 ]
sample158: [ 54, 62 ]
sample159: [ 42, 54 ]
sample160: [ 43, 48 ]
sample161: [ 43, 46 ]
sample162: [ 60, 60 ]
sample163: [ 58, 60 ]
sample164: [ 43, 45 ]
sample165: [ 46, 48 ]
sample166: [ 50, 50 ]
sample167: [ 48, 50 ]
sample168: [ 54, 62 ]
sample169: [ 42, 41 ]
sample170: [ 42, 46 ]
sample171: [ 41, 45 ]
sample172: [ 39, 45 ]
sample173: [ 39, 49 ]
sample174: [ 39, 47 ]
sample175: [ 43, 46 ]
sample176: [ 54, 62 ]
sample177: [ 52, 60 ]
sample178: [ 43, 47 ]
sample179: [ 41, 44 ]
sample180: [ 60, 60 ]
sample181: [ 40, 47 ]
sample182: [ 45, 45 ]
sample183: [ 46, 47 ]
sample184: [ 41, 44 ]
sample185: [ 39, 48 ]
sample186: [ 48, 61 ]
sample187: [ 58, 62 ]
sample188: [ 56, 62 ]
sample189: [ 47, 52 ]
sample190: [ 50, 62 ]
sample191: [ 58, 61 ]
sample192: [ 36, 48 ]
sample193: [ 42, 45 ]
sample194: [ 40, 58 ]
sample195: [ 43, 61 ]
sample196: [ 45, 45 ]
sample197: [ 38, 48 ]
sample198: [ 62, 62 ]
sample199: [ 62, 62 ]
sample200: [ 44, 46 ]
sample201: [ 56, 55 ]
sample202: [ 42, 57 ]
sample203: [ 40, 49 ]
sample204: [ 42, 47 ]
sample205: [ 42, 44 ]
sample206: [ 38, 48 ]
sample207: [ 45, 48 ]
sample208: [ 45, 45 ]
sample209: [ 48, 48 ]
sample210: [ 41, 44 ]
sample211: [ 41, 44 ]
sample212: [ 57, 62 ]
sample213: [ 42, 43 ]
sample214: [ 49, 60 ]
sample215: [ 49, 51 ]
sample216: [ 52, 62 ]
sample217: [ 55, 61 ]
sample218: [ 39, 48 ]
sample219: [ 46, 47 ]
sample220: [ 59, 60 ]
sample221: [ 44, 45 ]
sample222: [ 42, 49 ]
sample223: [ 43, 47 ]
sample224: [ 46, 46 ]
sample225: [ 38, 48 ]
sample226: [ 47, 50 ]
sample227: [ 39, 46 ]
sample228: [ 44, 45 ]
sample229: [ 51, 62 ]
sample230: [ 39, 48 ]
sample231: [ 41, 48 ]
sample232: [ 41, 51 ]
sample233: [ 43, 55 ]
sample234: [ 39, 49 ]
sample235: [ 48, 49 ]
sample236: [ 46, 58 ]
sample237: [ 35, 48 ]
sample238: [ 45, 46 ]
sample239: [ 41, 45 ]
sample240: [ 41, 44 ]
sample241: [ 38, 51 ]
sample242: [ 48, 60 ]
sample243: [ 42, 46 ]
sample244: [ 40, 46 ]
sample245: [ 56, 62 ]
sample246: [ 44, 47 ]
sample247: [ 39, 48 ]
sample248: [ 60, 61 ]
sample249: [ 49, 62 ]
sample250: [ 41, 49 ]
sample251: [ 40, 44 ]
sample252: [ 42, 46 ]
sample253: [ 41, 44 ]
sample254: [ 56, 58 ]
sample255: [ 60, 60 ]
sample256: [ 54, 62 ]
sample257: [ 37, 51 ]
sample258: [ 55, 60 ]
sample259: [ 59, 60 ]
sample260: [ 58, 62 ]
sample261: [ 44, 45 ]
sample262: [ 62, 62 ]
sample263: [ 41, 46 ]
sample264: [ 48, 51 ]
sample265: [ 35, 49 ]
sample266: [ 37, 47 ]
sample267: [ 39, 44 ]
sample268: [ 42, 48 ]
sample269: [ 42, 54 ]
sample270: [ 42, 43 ]
sample271: [ 41, 47 ]
sample272: [ 40, 47 ]
sample273: [ 44, 45 ]
sample274: [ 41, 45 ]
sample275: [ 45, 46 ]
sample276: [ 54, 60 ]
sample277: [ 44, 46 ]
sample278: [ 53, 62 ]
sample279: [ 58, 60 ]
sample280: [ 39, 50 ]
sample281: [ 39, 51 ]
sample282: [ 43, 43 ]
sample283: [ 41, 44 ]
sample284: [ 49, 60 ]
sample285: [ 40, 46 ]
sample286: [ 56, 62 ]
sample287: [ 21, 60 ]
sample288: [ 44, 50 ]
sample289: [ 38, 49 ]
sample290: [ 59, 60 ]
sample291: [ 42, 47 ]
sample292: [ 44, 45 ]
sample293: [ 41, 46 ]
sample294: [ 43, 44 ]
sample295: [ 48, 62 ]
sample296: [ 41, 44 ]
sample297: [ 60, 62 ]
sample298: [ 42, 49 ]
sample299: [ 53, 56 ]
sample300: [ 54, 60 ]
sample301: [ 62, 62 ]
sample302: [ 58, 62 ]
sample303: [ 58, 62 ]
sample304: [ 44, 45 ]
sample305: [ 60, 62 ]
sample306: [ 39, 49 ]
sample307: [ 44, 56 ]
sample308: [ 44, 47 ]
sample309: [ 53, 62 ]
sample310: [ 56, 62 ]
sample311: [ 38, 48 ]
sample312: [ 60, 60 ]
sample313: [ 49, 57 ]
sample314: [ 43, 46 ]
sample315: [ 43, 44 ]
sample316: [ 60, 62 ]
sample317: [ 56, 62 ]
sample318: [ 58, 61 ]
sample319: [ 60, 60 ]
sample320: [ 52, 53 ]
sample321: [ 48, 62 ]
sample322: [ 40, 47 ]
sample323: [ 42, 46 ]
sample324: [ 35, 50 ]
sample325: [ 41, 46 ]
sample326: [ 39, 47 ]
sample327: [ 44, 52 ]
sample328: [ 41, 46 ]
sample329: [ 43, 44 ]
sample330: [ 42, 45 ]
sample331: [ 44, 53 ]
sample332: [ 42, 48 ]
sample333: [ 51, 61 ]
sample334: [ 41, 45 ]
sample335: [ 41, 46 ]
sample336: [ 39, 48 ]
sample337: [ 56, 60 ]
sample338: [ 38, 50 ]
sample339: [ 42, 48 ]
sample340: [ 60, 60 ]
sample341: [ 42, 46 ]
sample342: [ 45, 46 ]
sample343: [ 49, 62 ]
sample344: [ 47, 62 ]
sample345: [ 41, 53 ]
sample346: [ 43, 42 ]
sample347: [ 40, 48 ]
sample348: [ 36, 50 ]
sample349: [ 60, 60 ]
sample350: [ 54, 57 ]
sample351: [ 56, 59 ]
sample352: [ 42, 43 ]
sample353: [ 55, 62 ]
sample354: [ 55, 62 ]
sample355: [ 46, 49 ]
sample356: [ 41, 45 ]
sample357: [ 51, 59 ]
sample358: [ 49, 53 ]
sample359: [ 42, 47 ]
sample360: [ 47, 48 ]
sample361: [ 44, 46 ]
sample362: [ 55, 56 ]
sample363: [ 44, 46 ]
sample364: [ 40, 46 ]
sample365: [ 57, 62 ]
sample366: [ 37, 52 ]
sample367: [ 44, 46 ]
