%YAML:1.0
---
sample0: [ 1274, 145, 57, 28 ]
sample1: [ 1328, 147, 59, 30 ]
sample2: [ 1313, 141, 54, 30 ]
sample3: [ 1460, 152, 58, 30 ]
sample4: [ 1722, 162, 62, 32 ]
sample5: [ 1505, 148, 57, 32 ]
sample6: [ 1450, 148, 56, 34 ]
sample7: [ 1310, 143, 56, 30 ]
sample8: [ 2004, 170, 69, 37 ]
sample9: [ 1841, 167, 67, 34 ]
sample10: [ 2035, 171, 65, 39 ]
sample11: [ 1487, 151, 60, 30 ]
sample12: [ 1315, 142, 56, 30 ]
sample13: [ 1214, 139, 57, 26 ]
sample14: [ 1330, 146, 58, 28 ]
sample15: [ 1307, 140, 56, 28 ]
sample16: [ 1343, 146, 56, 30 ]
sample17: [ 1346, 140, 53, 30 ]
sample18: [ 1233, 140, 56, 28 ]
sample19: [ 1220, 144, 56, 25 ]
sample20: [ 1885, 164, 64, 34 ]
sample21: [ 1705, 161, 64, 34 ]
sample22: [ 1341, 146, 58, 29 ]
sample23: [ 1888, 170, 68, 36 ]
sample24: [ 1332, 146, 59, 30 ]
sample25: [ 1261, 148, 61, 24 ]
sample26: [ 1219, 139, 56, 26 ]
sample27: [ 1278, 139, 57, 28 ]
sample28: [ 1363, 142, 54, 30 ]
sample29: [ 1329, 136, 59, 29 ]
sample30: [ 1416, 145, 57, 30 ]
sample31: [ 1229, 136, 57, 24 ]
sample32: [ 1408, 146, 55, 32 ]
sample33: [ 1414, 142, 57, 30 ]
sample34: [ 1991, 169, 65, 36 ]
sample35: [ 1662, 163, 66, 32 ]
sample36: [ 1349, 149, 54, 31 ]
sample37: [ 1371, 148, 61, 28 ]
sample38: [ 1209, 139, 58, 24 ]
sample39: [ 1704, 161, 66, 30 ]
sample40: [ 1431, 149, 54, 32 ]
sample41: [ 1351, 143, 56, 30 ]
sample42: [ 1329, 144, 56, 28 ]
sample43: [ 1399, 147, 57, 31 ]
sample44: [ 1257, 143, 57, 26 ]
sample45: [ 1652, 160, 65, 30 ]
sample46: [ 1210, 138, 59, 24 ]
sample47: [ 1388, 145, 57, 30 ]
sample48: [ 1545, 157, 65, 30 ]
sample49: [ 1276, 141, 57, 28 ]
sample50: [ 1500, 148, 56, 34 ]
sample51: [ 1312, 142, 54, 30 ]
sample52: [ 1517, 153, 58, 32 ]
sample53: [ 1432, 139, 55, 32 ]
sample54: [ 1343, 150, 57, 30 ]
sample55: [ 1227, 138, 55, 26 ]
sample56: [ 1244, 144, 58, 26 ]
sample57: [ 1385, 144, 58, 30 ]
sample58: [ 1350, 147, 54, 30 ]
sample59: [ 1407, 146, 56, 30 ]
sample60: [ 1388, 152, 58, 28 ]
sample61: [ 1299, 141, 55, 28 ]
sample62: [ 2013, 175, 64, 38 ]
sample63: [ 1680, 161, 66, 32 ]
sample64: [ 1314, 148, 59, 28 ]
sample65: [ 1288, 141, 59, 28 ]
sample66: [ 1558, 150, 62, 31 ]
sample67: [ 1524, 154, 60, 28 ]
sample68: [ 1353, 141, 51, 31 ]
sample69: [ 2008, 173, 68, 39 ]
sample70: [ 1299, 143, 54, 28 ]
sample71: [ 1738, 167, 66, 31 ]
sample72: [ 1338, 136, 55, 30 ]
sample73: [ 1274, 135, 58, 30 ]
sample74: [ 1295, 137, 55, 29 ]
sample75: [ 1462, 149, 60, 28 ]
sample76: [ 1382, 150, 58, 31 ]
sample77: [ 1306, 138, 55, 28 ]
sample78: [ 1285, 144, 56, 26 ]
sample79: [ 1409, 148, 56, 29 ]
sample80: [ 1458, 143, 55, 32 ]
sample81: [ 1313, 146, 57, 28 ]
sample82: [ 1560, 155, 61, 33 ]
sample83: [ 1257, 145, 56, 27 ]
sample84: [ 1864, 164, 64, 34 ]
sample85: [ 1278, 142, 55, 30 ]
sample86: [ 1580, 154, 62, 32 ]
sample87: [ 1758, 168, 65, 34 ]
sample88: [ 1616, 160, 62, 32 ]
sample89: [ 1310, 140, 57, 28 ]
sample90: [ 1939, 165, 64, 38 ]
sample91: [ 1308, 139, 56, 29 ]
sample92: [ 1297, 142, 54, 28 ]
sample93: [ 1380, 146, 57, 28 ]
sample94: [ 1444, 150, 56, 32 ]
sample95: [ 1323, 149, 59, 28 ]
sample96: [ 1310, 146, 58, 28 ]
sample97: [ 1442, 149, 57, 30 ]
sample98: [ 1576, 153, 63, 30 ]
sample99: [ 1322, 143, 54, 30 ]
sample100: [ 1657, 162, 64, 34 ]
sample101: [ 1232, 138, 56, 27 ]
sample102: [ 1284, 144, 57, 28 ]
sample103: [ 1369, 145, 56, 30 ]
sample104: [ 1304, 140, 55, 28 ]
sample105: [ 1708, 164, 66, 34 ]
sample106: [ 1434, 148, 56, 32 ]
sample107: [ 1531, 153, 59, 32 ]
sample108: [ 1325, 141, 56, 30 ]
sample109: [ 1487, 148, 55, 32 ]
sample110: [ 1426, 147, 54, 32 ]
sample111: [ 1482, 147, 58, 32 ]
sample112: [ 1308, 142, 55, 29 ]
sample113: [ 1332, 146, 60, 27 ]
sample114: [ 1275, 140, 54, 30 ]
sample115: [ 1702, 161, 65, 32 ]
sample116: [ 1375, 146, 56, 28 ]
sample117: [ 1331, 143, 56, 29 ]
sample118: [ 1386, 142, 55, 32 ]
sample119: [ 1374, 140, 54, 30 ]
sample120: [ 1306, 135, 54, 30 ]
sample121: [ 1360, 149, 55, 30 ]
sample122: [ 1383, 147, 54, 32 ]
sample123: [ 1278, 141, 55, 26 ]
sample124: [ 1748, 165, 65, 32 ]
sample125: [ 1886, 164, 65, 36 ]
sample126: [ 1393, 144, 58, 30 ]
sample127: [ 1259, 141, 58, 26 ]
sample128: [ 1399, 148, 58, 28 ]
sample129: [ 1297, 147, 58, 26 ]
sample130: [ 1233, 138, 56, 26 ]
sample131: [ 1228, 137, 57, 26 ]
sample132: [ 1355, 147, 56, 30 ]
sample133: [ 1294, 141, 55, 30 ]
sample134: [ 1282, 139, 58, 28 ]
sample135: [ 1991, 171, 71, 37 ]
sample136: [ 1285, 139, 55, 28 ]
sample137: [ 1405, 149, 60, 27 ]
sample138: [ 1239, 138, 57, 28 ]
sample139: [ 1322, 144, 56, 28 ]
sample140: [ 1227, 148, 60, 24 ]
sample141: [ 1169, 137, 54, 24 ]
sample142: [ 1749, 164, 62, 34 ]
sample143: [ 1409, 148, 57, 31 ]
sample144: [ 1895, 170, 69, 36 ]
sample145: [ 1340, 145, 58, 30 ]
sample146: [ 1521, 151, 57, 34 ]
sample147: [ 1305, 139, 54, 28 ]
sample148: [ 1801, 164, 64, 34 ]
sample149: [ 1507, 150, 64, 31 ]
sample150: [ 1239, 137, 56, 28 ]
sample151: [ 1286, 147, 58, 26 ]
sample152: [ 1349, 141, 56, 30 ]
sample153: [ 1345, 144, 57, 29 ]
sample154: [ 1383, 147, 54, 32 ]
sample155: [ 1524, 155, 64, 30 ]
sample156: [ 1291, 143, 55, 28 ]
sample157: [ 1358, 142, 57, 30 ]
sample158: [ 1338, 144, 54, 30 ]
sample159: [ 1357, 149, 57, 29 ]
sample160: [ 1261, 140, 56, 28 ]
sample161: [ 1356, 148, 57, 28 ]
sample162: [ 1231, 136, 58, 26 ]
sample163: [ 1233, 140, 58, 26 ]
sample164: [ 1245, 142, 59, 26 ]
sample165: [ 1810, 166, 65, 34 ]
sample166: [ 1295, 144, 57, 28 ]
sample167: [ 1331, 142, 56, 28 ]
sample168: [ 1310, 145, 57, 28 ]
sample169: [ 1863, 165, 63, 36 ]
sample170: [ 1321, 142, 55, 30 ]
sample171: [ 1337, 141, 56, 29 ]
sample172: [ 1268, 137, 56, 28 ]
sample173: [ 1291, 147, 60, 28 ]
sample174: [ 1413, 146, 56, 31 ]
sample175: [ 1987, 170, 65, 36 ]
sample176: [ 1247, 142, 59, 26 ]
sample177: [ 1335, 146, 57, 30 ]
sample178: [ 1226, 138, 59, 26 ]
sample179: [ 1330, 139, 55, 30 ]
sample180: [ 1458, 154, 60, 30 ]
sample181: [ 1291, 142, 55, 29 ]
sample182: [ 1264, 142, 56, 28 ]
sample183: [ 1258, 139, 58, 28 ]
sample184: [ 1334, 142, 56, 30 ]
sample185: [ 1281, 147, 55, 28 ]
sample186: [ 1287, 147, 59, 28 ]
sample187: [ 1204, 141, 57, 26 ]
sample188: [ 1312, 149, 57, 28 ]
sample189: [ 1289, 141, 56, 28 ]
sample190: [ 1426, 149, 57, 30 ]
sample191: [ 1339, 149, 55, 28 ]
sample192: [ 1369, 147, 55, 32 ]
sample193: [ 1353, 143, 58, 28 ]
sample194: [ 1234, 135, 53, 26 ]
sample195: [ 1391, 149, 56, 30 ]
sample196: [ 1745, 156, 64, 34 ]
sample197: [ 1205, 140, 57, 26 ]
sample198: [ 1353, 142, 57, 29 ]
sample199: [ 1360, 144, 55, 31 ]
sample200: [ 1393, 148, 59, 29 ]
sample201: [ 1243, 143, 55, 28 ]
sample202: [ 1346, 131, 52, 32 ]
sample203: [ 1315, 149, 58, 26 ]
sample204: [ 1356, 145, 56, 28 ]
sample205: [ 1487, 152, 59, 32 ]
sample206: [ 1530, 156, 61, 28 ]
sample207: [ 1333, 143, 58, 30 ]
sample208: [ 1210, 132, 54, 27 ]
sample209: [ 1335, 145, 57, 30 ]
sample210: [ 1360, 141, 56, 30 ]
sample211: [ 1298, 141, 53, 30 ]
sample212: [ 1372, 149, 58, 32 ]
sample213: [ 1519, 155, 60, 30 ]
sample214: [ 1253, 138, 58, 28 ]
sample215: [ 1376, 138, 56, 32 ]
sample216: [ 1306, 138, 54, 29 ]
sample217: [ 1329, 144, 56, 28 ]
sample218: [ 1172, 137, 57, 24 ]
sample219: [ 2024, 173, 67, 40 ]
sample220: [ 1552, 157, 60, 30 ]
sample221: [ 1376, 145, 56, 32 ]
sample222: [ 1304, 141, 53, 31 ]
sample223: [ 1361, 141, 53, 32 ]
sample224: [ 1353, 148, 59, 30 ]
sample225: [ 1250, 143, 56, 28 ]
sample226: [ 1299, 145, 61, 26 ]
sample227: [ 1955, 172, 66, 36 ]
sample228: [ 1330, 140, 55, 30 ]
sample229: [ 1399, 152, 62, 27 ]
sample230: [ 1380, 145, 57, 28 ]
sample231: [ 1290, 147, 57, 28 ]
sample232: [ 1329, 139, 58, 28 ]
sample233: [ 1258, 140, 56, 28 ]
sample234: [ 1221, 142, 54, 28 ]
sample235: [ 1268, 143, 57, 26 ]
sample236: [ 1325, 148, 59, 29 ]
sample237: [ 1727, 165, 65, 32 ]
sample238: [ 1247, 138, 55, 28 ]
sample239: [ 1352, 142, 57, 30 ]
sample240: [ 1292, 140, 55, 28 ]
sample241: [ 1241, 137, 55, 26 ]
sample242: [ 1377, 145, 58, 30 ]
sample243: [ 1181, 143, 57, 22 ]
sample244: [ 1386, 146, 58, 32 ]
