%YAML:1.0
---
sample0: [ 41, 46 ]
sample1: [ 60, 62 ]
sample2: [ 48, 60 ]
sample3: [ 42, 47 ]
sample4: [ 37, 48 ]
sample5: [ 48, 62 ]
sample6: [ 59, 62 ]
sample7: [ 43, 50 ]
sample8: [ 42, 43 ]
sample9: [ 28, 55 ]
sample10: [ 44, 46 ]
sample11: [ 29, 51 ]
sample12: [ 33, 49 ]
sample13: [ 33, 55 ]
sample14: [ 30, 54 ]
sample15: [ 33, 53 ]
sample16: [ 36, 50 ]
sample17: [ 42, 48 ]
sample18: [ 35, 62 ]
sample19: [ 33, 53 ]
sample20: [ 60, 62 ]
sample21: [ 27, 55 ]
sample22: [ 42, 47 ]
sample23: [ 33, 53 ]
sample24: [ 31, 54 ]
sample25: [ 40, 46 ]
sample26: [ 44, 46 ]
sample27: [ 29, 54 ]
sample28: [ 49, 50 ]
sample29: [ 28, 55 ]
sample30: [ 34, 50 ]
sample31: [ 31, 60 ]
sample32: [ 29, 54 ]
sample33: [ 36, 52 ]
sample34: [ 31, 52 ]
sample35: [ 34, 55 ]
sample36: [ 33, 50 ]
sample37: [ 40, 49 ]
sample38: [ 27, 54 ]
sample39: [ 29, 56 ]
sample40: [ 42, 45 ]
sample41: [ 31, 54 ]
sample42: [ 40, 48 ]
sample43: [ 41, 43 ]
sample44: [ 39, 47 ]
sample45: [ 40, 46 ]
sample46: [ 33, 62 ]
sample47: [ 55, 62 ]
sample48: [ 30, 54 ]
sample49: [ 34, 58 ]
sample50: [ 32, 59 ]
sample51: [ 54, 60 ]
sample52: [ 43, 59 ]
sample53: [ 52, 52 ]
sample54: [ 57, 62 ]
sample55: [ 57, 60 ]
sample56: [ 40, 52 ]
sample57: [ 30, 53 ]
sample58: [ 31, 52 ]
sample59: [ 30, 58 ]
sample60: [ 55, 62 ]
sample61: [ 29, 54 ]
sample62: [ 54, 60 ]
sample63: [ 49, 52 ]
sample64: [ 50, 54 ]
sample65: [ 30, 53 ]
sample66: [ 34, 57 ]
sample67: [ 43, 51 ]
sample68: [ 37, 61 ]
sample69: [ 31, 52 ]
sample70: [ 42, 53 ]
sample71: [ 34, 57 ]
sample72: [ 36, 60 ]
sample73: [ 54, 60 ]
sample74: [ 31, 53 ]
sample75: [ 40, 62 ]
sample76: [ 48, 62 ]
sample77: [ 30, 54 ]
sample78: [ 31, 55 ]
sample79: [ 35, 53 ]
sample80: [ 53, 62 ]
sample81: [ 30, 54 ]
sample82: [ 33, 54 ]
sample83: [ 34, 61 ]
sample84: [ 32, 52 ]
sample85: [ 35, 58 ]
sample86: [ 29, 54 ]
sample87: [ 30, 52 ]
sample88: [ 42, 46 ]
sample89: [ 45, 46 ]
sample90: [ 54, 60 ]
sample91: [ 39, 49 ]
sample92: [ 48, 62 ]
sample93: [ 50, 60 ]
sample94: [ 40, 47 ]
sample95: [ 38, 48 ]
sample96: [ 44, 45 ]
sample97: [ 41, 48 ]
sample98: [ 38, 50 ]
sample99: [ 42, 44 ]
sample100: [ 40, 55 ]
sample101: [ 56, 62 ]
sample102: [ 43, 45 ]
sample103: [ 51, 58 ]
sample104: [ 57, 62 ]
sample105: [ 41, 56 ]
sample106: [ 46, 55 ]
sample107: [ 52, 53 ]
sample108: [ 52, 52 ]
sample109: [ 54, 60 ]
sample110: [ 53, 61 ]
sample111: [ 43, 43 ]
sample112: [ 47, 47 ]
sample113: [ 43, 44 ]
sample114: [ 39, 49 ]
sample115: [ 50, 59 ]
sample116: [ 43, 46 ]
sample117: [ 42, 45 ]
sample118: [ 45, 62 ]
sample119: [ 44, 46 ]
sample120: [ 49, 55 ]
sample121: [ 58, 60 ]
sample122: [ 26, 57 ]
sample123: [ 44, 47 ]
sample124: [ 55, 60 ]
sample125: [ 41, 48 ]
sample126: [ 35, 49 ]
sample127: [ 37, 62 ]
sample128: [ 31, 54 ]
sample129: [ 32, 54 ]
sample130: [ 32, 53 ]
sample131: [ 30, 54 ]
sample132: [ 32, 53 ]
sample133: [ 28, 55 ]
sample134: [ 32, 52 ]
sample135: [ 30, 53 ]
sample136: [ 33, 52 ]
sample137: [ 31, 52 ]
sample138: [ 31, 54 ]
sample139: [ 26, 56 ]
sample140: [ 35, 51 ]
sample141: [ 34, 52 ]
sample142: [ 32, 53 ]
sample143: [ 38, 62 ]
sample144: [ 37, 61 ]
sample145: [ 30, 55 ]
sample146: [ 32, 53 ]
sample147: [ 31, 53 ]
sample148: [ 33, 58 ]
sample149: [ 32, 55 ]
sample150: [ 28, 55 ]
sample151: [ 36, 62 ]
sample152: [ 31, 53 ]
sample153: [ 31, 53 ]
sample154: [ 28, 55 ]
sample155: [ 32, 53 ]
sample156: [ 30, 53 ]
sample157: [ 31, 54 ]
sample158: [ 32, 53 ]
sample159: [ 36, 54 ]
sample160: [ 28, 54 ]
sample161: [ 39, 61 ]
sample162: [ 31, 53 ]
sample163: [ 31, 53 ]
sample164: [ 33, 56 ]
sample165: [ 37, 60 ]
count: 166
