%YAML:1.0
---
sample0: [ 41, 46 ]
sample1: [ 60, 62 ]
sample2: [ 48, 60 ]
sample3: [ 42, 47 ]
sample4: [ 37, 48 ]
sample5: [ 48, 62 ]
sample6: [ 59, 62 ]
sample7: [ 43, 50 ]
sample8: [ 42, 43 ]
sample9: [ 44, 46 ]
sample10: [ 29, 51 ]
sample11: [ 42, 48 ]
sample12: [ 60, 62 ]
sample13: [ 42, 47 ]
sample14: [ 40, 46 ]
sample15: [ 44, 46 ]
sample16: [ 49, 50 ]
sample17: [ 40, 49 ]
sample18: [ 42, 45 ]
sample19: [ 40, 48 ]
sample20: [ 41, 43 ]
sample21: [ 39, 47 ]
sample22: [ 40, 46 ]
sample23: [ 55, 62 ]
sample24: [ 54, 60 ]
sample25: [ 52, 52 ]
sample26: [ 57, 62 ]
sample27: [ 57, 60 ]
sample28: [ 40, 52 ]
sample29: [ 55, 62 ]
sample30: [ 54, 60 ]
sample31: [ 49, 52 ]
sample32: [ 50, 54 ]
sample33: [ 43, 51 ]
sample34: [ 31, 52 ]
sample35: [ 42, 53 ]
sample36: [ 54, 60 ]
sample37: [ 48, 62 ]
sample38: [ 53, 62 ]
sample39: [ 42, 46 ]
sample40: [ 45, 46 ]
sample41: [ 54, 60 ]
sample42: [ 39, 49 ]
sample43: [ 48, 62 ]
sample44: [ 50, 60 ]
sample45: [ 40, 47 ]
sample46: [ 38, 48 ]
sample47: [ 44, 45 ]
sample48: [ 41, 48 ]
sample49: [ 38, 50 ]
sample50: [ 42, 44 ]
sample51: [ 40, 55 ]
sample52: [ 56, 62 ]
sample53: [ 43, 45 ]
sample54: [ 51, 58 ]
sample55: [ 57, 62 ]
sample56: [ 41, 56 ]
sample57: [ 46, 55 ]
sample58: [ 52, 53 ]
sample59: [ 52, 52 ]
sample60: [ 54, 60 ]
sample61: [ 53, 61 ]
sample62: [ 43, 43 ]
sample63: [ 47, 47 ]
sample64: [ 43, 44 ]
sample65: [ 39, 49 ]
sample66: [ 50, 59 ]
sample67: [ 43, 46 ]
sample68: [ 42, 45 ]
sample69: [ 45, 62 ]
sample70: [ 44, 46 ]
sample71: [ 49, 55 ]
sample72: [ 58, 60 ]
sample73: [ 26, 57 ]
sample74: [ 44, 47 ]
sample75: [ 55, 60 ]
sample76: [ 41, 48 ]
sample77: [ 35, 49 ]
sample78: [ 36, 51 ]
sample79: [ 41, 46 ]
sample80: [ 45, 46 ]
sample81: [ 41, 45 ]
sample82: [ 42, 44 ]
sample83: [ 31, 57 ]
sample84: [ 54, 62 ]
sample85: [ 57, 62 ]
sample86: [ 62, 62 ]
sample87: [ 46, 61 ]
sample88: [ 42, 47 ]
sample89: [ 53, 60 ]
sample90: [ 41, 52 ]
sample91: [ 46, 60 ]
sample92: [ 40, 46 ]
sample93: [ 45, 46 ]
sample94: [ 41, 45 ]
sample95: [ 41, 45 ]
sample96: [ 21, 58 ]
sample97: [ 42, 45 ]
sample98: [ 42, 45 ]
sample99: [ 50, 62 ]
sample100: [ 54, 62 ]
sample101: [ 47, 48 ]
sample102: [ 39, 47 ]
sample103: [ 45, 43 ]
sample104: [ 40, 49 ]
sample105: [ 41, 49 ]
sample106: [ 43, 45 ]
sample107: [ 38, 47 ]
sample108: [ 42, 47 ]
sample109: [ 39, 46 ]
sample110: [ 60, 61 ]
sample111: [ 59, 62 ]
sample112: [ 43, 48 ]
sample113: [ 48, 52 ]
sample114: [ 60, 62 ]
sample115: [ 43, 45 ]
sample116: [ 49, 49 ]
sample117: [ 41, 46 ]
sample118: [ 40, 47 ]
sample119: [ 48, 50 ]
sample120: [ 39, 49 ]
sample121: [ 44, 50 ]
sample122: [ 44, 48 ]
sample123: [ 62, 60 ]
sample124: [ 50, 62 ]
sample125: [ 40, 45 ]
sample126: [ 40, 48 ]
sample127: [ 39, 47 ]
sample128: [ 43, 50 ]
sample129: [ 60, 62 ]
sample130: [ 44, 56 ]
sample131: [ 56, 61 ]
sample132: [ 57, 62 ]
sample133: [ 43, 46 ]
sample134: [ 44, 48 ]
sample135: [ 55, 61 ]
sample136: [ 50, 55 ]
sample137: [ 43, 45 ]
sample138: [ 43, 46 ]
sample139: [ 55, 60 ]
sample140: [ 46, 54 ]
sample141: [ 45, 52 ]
sample142: [ 41, 45 ]
sample143: [ 42, 48 ]
sample144: [ 43, 57 ]
sample145: [ 40, 49 ]
sample146: [ 57, 60 ]
sample147: [ 59, 62 ]
sample148: [ 41, 48 ]
sample149: [ 58, 62 ]
sample150: [ 42, 52 ]
sample151: [ 39, 47 ]
sample152: [ 46, 60 ]
sample153: [ 42, 46 ]
sample154: [ 38, 48 ]
sample155: [ 57, 61 ]
sample156: [ 42, 61 ]
sample157: [ 39, 46 ]
sample158: [ 47, 60 ]
sample159: [ 45, 53 ]
sample160: [ 46, 50 ]
sample161: [ 41, 46 ]
sample162: [ 41, 42 ]
sample163: [ 58, 58 ]
sample164: [ 45, 50 ]
sample165: [ 58, 62 ]
sample166: [ 42, 47 ]
sample167: [ 41, 46 ]
sample168: [ 56, 62 ]
sample169: [ 54, 60 ]
sample170: [ 56, 62 ]
sample171: [ 57, 62 ]
sample172: [ 41, 46 ]
sample173: [ 41, 51 ]
sample174: [ 37, 48 ]
sample175: [ 42, 45 ]
sample176: [ 40, 48 ]
sample177: [ 58, 61 ]
sample178: [ 38, 48 ]
sample179: [ 40, 46 ]
sample180: [ 57, 61 ]
sample181: [ 42, 47 ]
sample182: [ 41, 46 ]
sample183: [ 46, 52 ]
sample184: [ 42, 47 ]
sample185: [ 62, 62 ]
sample186: [ 44, 47 ]
sample187: [ 41, 48 ]
sample188: [ 55, 61 ]
sample189: [ 42, 49 ]
sample190: [ 54, 61 ]
sample191: [ 56, 62 ]
sample192: [ 47, 62 ]
sample193: [ 44, 62 ]
sample194: [ 49, 62 ]
sample195: [ 42, 45 ]
sample196: [ 45, 45 ]
sample197: [ 44, 50 ]
sample198: [ 33, 62 ]
sample199: [ 40, 46 ]
sample200: [ 38, 47 ]
sample201: [ 42, 43 ]
sample202: [ 42, 44 ]
sample203: [ 54, 62 ]
sample204: [ 42, 47 ]
sample205: [ 41, 47 ]
sample206: [ 43, 48 ]
sample207: [ 58, 62 ]
sample208: [ 36, 47 ]
sample209: [ 46, 57 ]
sample210: [ 54, 62 ]
sample211: [ 34, 57 ]
sample212: [ 41, 47 ]
sample213: [ 36, 50 ]
sample214: [ 35, 49 ]
sample215: [ 41, 46 ]
sample216: [ 42, 48 ]
sample217: [ 45, 46 ]
sample218: [ 38, 51 ]
sample219: [ 44, 46 ]
sample220: [ 55, 62 ]
sample221: [ 39, 47 ]
sample222: [ 53, 58 ]
sample223: [ 37, 52 ]
sample224: [ 43, 44 ]
sample225: [ 55, 62 ]
sample226: [ 41, 43 ]
sample227: [ 40, 47 ]
sample228: [ 58, 62 ]
sample229: [ 44, 46 ]
sample230: [ 51, 54 ]
sample231: [ 40, 45 ]
sample232: [ 52, 62 ]
sample233: [ 54, 60 ]
sample234: [ 45, 46 ]
sample235: [ 44, 62 ]
sample236: [ 50, 62 ]
sample237: [ 40, 47 ]
sample238: [ 47, 52 ]
sample239: [ 36, 48 ]
sample240: [ 46, 60 ]
sample241: [ 55, 62 ]
sample242: [ 48, 62 ]
sample243: [ 38, 46 ]
sample244: [ 42, 46 ]
sample245: [ 41, 44 ]
sample246: [ 42, 47 ]
sample247: [ 41, 45 ]
sample248: [ 48, 51 ]
sample249: [ 40, 45 ]
sample250: [ 43, 48 ]
sample251: [ 44, 46 ]
sample252: [ 48, 62 ]
sample253: [ 45, 46 ]
sample254: [ 42, 45 ]
sample255: [ 43, 46 ]
sample256: [ 40, 48 ]
sample257: [ 36, 47 ]
sample258: [ 47, 60 ]
sample259: [ 39, 45 ]
sample260: [ 42, 48 ]
sample261: [ 38, 47 ]
sample262: [ 29, 55 ]
sample263: [ 44, 47 ]
sample264: [ 41, 47 ]
sample265: [ 54, 62 ]
sample266: [ 41, 46 ]
sample267: [ 57, 61 ]
sample268: [ 58, 62 ]
sample269: [ 38, 49 ]
sample270: [ 41, 45 ]
sample271: [ 39, 47 ]
sample272: [ 54, 61 ]
sample273: [ 39, 55 ]
sample274: [ 41, 47 ]
sample275: [ 29, 60 ]
sample276: [ 55, 62 ]
sample277: [ 42, 62 ]
sample278: [ 59, 62 ]
sample279: [ 41, 44 ]
sample280: [ 58, 62 ]
sample281: [ 44, 50 ]
sample282: [ 43, 50 ]
sample283: [ 30, 50 ]
sample284: [ 54, 62 ]
sample285: [ 40, 46 ]
sample286: [ 48, 61 ]
sample287: [ 44, 60 ]
sample288: [ 37, 51 ]
sample289: [ 55, 62 ]
sample290: [ 36, 61 ]
sample291: [ 44, 47 ]
sample292: [ 45, 62 ]
sample293: [ 50, 57 ]
sample294: [ 54, 57 ]
sample295: [ 59, 62 ]
sample296: [ 34, 52 ]
sample297: [ 60, 62 ]
sample298: [ 56, 62 ]
sample299: [ 42, 47 ]
sample300: [ 58, 62 ]
sample301: [ 54, 62 ]
sample302: [ 62, 62 ]
sample303: [ 42, 47 ]
sample304: [ 36, 56 ]
sample305: [ 45, 50 ]
sample306: [ 45, 50 ]
sample307: [ 43, 44 ]
sample308: [ 40, 46 ]
sample309: [ 58, 62 ]
sample310: [ 45, 46 ]
sample311: [ 51, 54 ]
sample312: [ 46, 47 ]
sample313: [ 41, 47 ]
sample314: [ 62, 62 ]
sample315: [ 39, 49 ]
sample316: [ 59, 62 ]
sample317: [ 45, 61 ]
sample318: [ 44, 55 ]
sample319: [ 56, 60 ]
sample320: [ 44, 60 ]
sample321: [ 38, 48 ]
sample322: [ 34, 50 ]
sample323: [ 50, 59 ]
sample324: [ 37, 61 ]
sample325: [ 46, 62 ]
sample326: [ 46, 50 ]
sample327: [ 40, 48 ]
sample328: [ 43, 44 ]
sample329: [ 54, 58 ]
sample330: [ 57, 60 ]
sample331: [ 44, 46 ]
sample332: [ 41, 46 ]
sample333: [ 43, 62 ]
sample334: [ 54, 62 ]
sample335: [ 22, 58 ]
sample336: [ 58, 60 ]
sample337: [ 39, 47 ]
sample338: [ 46, 48 ]
sample339: [ 40, 45 ]
sample340: [ 40, 47 ]
sample341: [ 43, 46 ]
sample342: [ 37, 50 ]
sample343: [ 49, 50 ]
sample344: [ 41, 44 ]
sample345: [ 34, 49 ]
sample346: [ 41, 45 ]
sample347: [ 55, 62 ]
sample348: [ 42, 49 ]
sample349: [ 59, 59 ]
sample350: [ 44, 60 ]
sample351: [ 42, 45 ]
sample352: [ 54, 62 ]
sample353: [ 51, 56 ]
sample354: [ 51, 60 ]
sample355: [ 43, 46 ]
sample356: [ 36, 49 ]
sample357: [ 48, 61 ]
sample358: [ 44, 45 ]
sample359: [ 41, 44 ]
sample360: [ 43, 46 ]
sample361: [ 39, 47 ]
sample362: [ 58, 60 ]
sample363: [ 58, 62 ]
sample364: [ 45, 45 ]
sample365: [ 44, 51 ]
sample366: [ 51, 52 ]
sample367: [ 38, 45 ]
