%YAML:1.0
---
sample0: [ 1504, 144, 50, 35 ]
sample1: [ 3016, 216, 76, 54 ]
sample2: [ 2367, 188, 69, 44 ]
sample3: [ 1542, 148, 55, 36 ]
sample4: [ 1449, 147, 53, 31 ]
sample5: [ 2311, 189, 69, 42 ]
sample6: [ 2788, 217, 74, 39 ]
sample7: [ 1776, 158, 60, 38 ]
sample8: [ 1450, 146, 51, 34 ]
sample9: [ 1654, 157, 58, 36 ]
sample10: [ 1179, 141, 57, 24 ]
sample11: [ 1611, 148, 54, 37 ]
sample12: [ 3121, 216, 79, 54 ]
sample13: [ 1597, 149, 55, 36 ]
sample14: [ 1466, 147, 52, 35 ]
sample15: [ 1638, 150, 56, 39 ]
sample16: [ 1935, 173, 59, 40 ]
sample17: [ 1510, 154, 56, 29 ]
sample18: [ 1443, 143, 52, 34 ]
sample19: [ 1515, 144, 56, 34 ]
sample20: [ 1379, 145, 52, 34 ]
sample21: [ 1426, 145, 55, 31 ]
sample22: [ 1353, 144, 52, 31 ]
sample23: [ 2698, 209, 73, 48 ]
sample24: [ 2492, 207, 76, 41 ]
sample25: [ 1934, 178, 68, 31 ]
sample26: [ 2914, 217, 69, 51 ]
sample27: [ 2875, 210, 69, 53 ]
sample28: [ 1680, 155, 58, 36 ]
sample29: [ 2718, 204, 72, 50 ]
sample30: [ 2637, 199, 68, 48 ]
sample31: [ 2117, 178, 62, 46 ]
sample32: [ 2001, 176, 62, 39 ]
sample33: [ 1725, 164, 64, 33 ]
sample34: [ 1329, 140, 56, 28 ]
sample35: [ 1760, 167, 58, 36 ]
sample36: [ 2551, 198, 70, 45 ]
sample37: [ 2394, 192, 68, 46 ]
sample38: [ 2550, 193, 70, 46 ]
sample39: [ 1516, 146, 55, 34 ]
sample40: [ 1599, 148, 55, 37 ]
sample41: [ 2680, 206, 70, 51 ]
sample42: [ 1365, 139, 57, 30 ]
sample43: [ 2331, 195, 68, 42 ]
sample44: [ 2371, 199, 75, 38 ]
sample45: [ 1445, 145, 57, 32 ]
sample46: [ 1476, 140, 50, 36 ]
sample47: [ 1569, 147, 56, 37 ]
sample48: [ 1525, 146, 53, 34 ]
sample49: [ 1440, 144, 55, 32 ]
sample50: [ 1434, 149, 52, 32 ]
sample51: [ 1866, 175, 66, 32 ]
sample52: [ 2789, 207, 71, 50 ]
sample53: [ 1658, 152, 53, 40 ]
sample54: [ 2507, 190, 71, 47 ]
sample55: [ 2961, 212, 73, 51 ]
sample56: [ 1793, 166, 62, 34 ]
sample57: [ 1881, 172, 63, 33 ]
sample58: [ 2079, 181, 65, 41 ]
sample59: [ 2079, 175, 66, 37 ]
sample60: [ 2664, 203, 71, 47 ]
sample61: [ 2636, 195, 72, 44 ]
sample62: [ 1412, 144, 51, 36 ]
sample63: [ 1815, 177, 61, 35 ]
sample64: [ 1564, 148, 52, 38 ]
sample65: [ 1519, 146, 54, 34 ]
sample66: [ 2317, 195, 68, 42 ]
sample67: [ 1643, 151, 58, 37 ]
sample68: [ 1611, 149, 58, 38 ]
sample69: [ 2121, 187, 65, 40 ]
sample70: [ 1671, 154, 55, 39 ]
sample71: [ 2267, 180, 65, 46 ]
sample72: [ 2803, 212, 67, 54 ]
sample73: [ 1240, 142, 63, 23 ]
sample74: [ 1654, 149, 53, 40 ]
sample75: [ 2546, 198, 72, 42 ]
sample76: [ 1624, 154, 60, 38 ]
sample77: [ 1377, 141, 52, 32 ]
sample78: [ 1404, 146, 57, 30 ]
sample79: [ 1552, 144, 52, 36 ]
sample80: [ 1639, 149, 56, 38 ]
sample81: [ 1472, 143, 52, 36 ]
sample82: [ 1481, 152, 52, 31 ]
sample83: [ 1374, 159, 69, 24 ]
sample84: [ 2712, 203, 68, 48 ]
sample85: [ 2831, 213, 71, 48 ]
sample86: [ 3188, 217, 71, 56 ]
sample87: [ 2457, 195, 69, 42 ]
sample88: [ 1553, 143, 52, 38 ]
sample89: [ 2555, 202, 70, 43 ]
sample90: [ 1775, 162, 62, 38 ]
sample91: [ 2336, 185, 67, 40 ]
sample92: [ 1464, 141, 51, 34 ]
sample93: [ 1527, 154, 54, 31 ]
sample94: [ 1494, 147, 52, 37 ]
sample95: [ 1548, 153, 54, 36 ]
sample96: [ 1032, 139, 60, 18 ]
sample97: [ 1559, 144, 54, 37 ]
sample98: [ 1558, 143, 55, 38 ]
sample99: [ 2552, 198, 69, 44 ]
sample100: [ 2572, 200, 72, 44 ]
sample101: [ 1781, 159, 60, 38 ]
sample102: [ 1478, 143, 53, 36 ]
sample103: [ 1651, 149, 58, 38 ]
sample104: [ 1611, 155, 59, 34 ]
sample105: [ 1443, 145, 57, 32 ]
sample106: [ 1615, 153, 57, 37 ]
sample107: [ 1427, 148, 54, 32 ]
sample108: [ 1617, 142, 53, 37 ]
sample109: [ 1484, 146, 52, 34 ]
sample110: [ 2891, 209, 75, 51 ]
sample111: [ 2866, 209, 72, 51 ]
sample112: [ 1649, 149, 53, 36 ]
sample113: [ 2060, 169, 60, 44 ]
sample114: [ 2946, 215, 72, 50 ]
sample115: [ 1596, 150, 58, 39 ]
sample116: [ 1927, 170, 65, 36 ]
sample117: [ 1534, 150, 55, 36 ]
sample118: [ 1495, 144, 54, 34 ]
sample119: [ 1889, 164, 57, 40 ]
sample120: [ 1507, 147, 57, 36 ]
sample121: [ 1849, 162, 59, 38 ]
sample122: [ 1832, 159, 55, 42 ]
sample123: [ 2888, 208, 74, 49 ]
sample124: [ 2553, 196, 66, 46 ]
sample125: [ 1520, 145, 50, 36 ]
sample126: [ 1446, 143, 54, 34 ]
sample127: [ 1512, 147, 54, 34 ]
sample128: [ 1729, 156, 55, 40 ]
sample129: [ 3105, 215, 73, 54 ]
sample130: [ 2003, 173, 62, 40 ]
sample131: [ 2597, 203, 75, 44 ]
sample132: [ 2950, 212, 72, 52 ]
sample133: [ 1620, 145, 54, 38 ]
sample134: [ 1769, 158, 56, 40 ]
sample135: [ 2599, 199, 68, 46 ]
sample136: [ 2289, 183, 62, 42 ]
sample137: [ 1657, 153, 56, 38 ]
sample138: [ 1720, 157, 58, 38 ]
sample139: [ 2693, 203, 76, 50 ]
sample140: [ 2024, 171, 64, 40 ]
sample141: [ 1868, 170, 65, 40 ]
sample142: [ 1421, 147, 51, 34 ]
sample143: [ 1601, 146, 51, 38 ]
sample144: [ 2049, 175, 60, 40 ]
sample145: [ 1621, 147, 53, 38 ]
sample146: [ 2781, 205, 73, 48 ]
sample147: [ 3038, 214, 76, 53 ]
sample148: [ 1650, 153, 54, 38 ]
sample149: [ 2762, 213, 75, 43 ]
sample150: [ 1722, 158, 60, 36 ]
sample151: [ 1487, 147, 54, 34 ]
sample152: [ 2162, 187, 67, 41 ]
sample153: [ 1485, 144, 52, 34 ]
sample154: [ 1517, 148, 52, 36 ]
sample155: [ 2750, 211, 74, 48 ]
sample156: [ 2146, 177, 63, 38 ]
sample157: [ 1512, 150, 52, 38 ]
sample158: [ 2510, 197, 68, 43 ]
sample159: [ 1913, 163, 60, 40 ]
sample160: [ 1788, 168, 60, 38 ]
sample161: [ 1510, 150, 53, 33 ]
sample162: [ 1449, 147, 52, 36 ]
sample163: [ 2847, 208, 79, 48 ]
sample164: [ 1798, 163, 60, 36 ]
sample165: [ 2729, 210, 74, 47 ]
sample166: [ 1664, 153, 52, 40 ]
sample167: [ 1463, 142, 54, 34 ]
sample168: [ 2838, 212, 71, 49 ]
sample169: [ 2501, 201, 72, 46 ]
sample170: [ 2639, 206, 73, 47 ]
sample171: [ 2944, 204, 75, 50 ]
sample172: [ 1555, 146, 54, 36 ]
sample173: [ 1663, 160, 58, 38 ]
sample174: [ 1476, 147, 52, 33 ]
sample175: [ 1529, 146, 50, 36 ]
sample176: [ 1600, 145, 53, 38 ]
sample177: [ 2736, 210, 73, 49 ]
sample178: [ 1469, 150, 57, 36 ]
sample179: [ 1406, 149, 56, 33 ]
sample180: [ 2673, 207, 72, 49 ]
sample181: [ 1570, 146, 56, 34 ]
sample182: [ 1540, 148, 53, 34 ]
sample183: [ 1917, 163, 59, 41 ]
sample184: [ 1532, 147, 50, 38 ]
sample185: [ 2894, 212, 71, 52 ]
sample186: [ 1767, 153, 55, 42 ]
sample187: [ 1583, 147, 52, 36 ]
sample188: [ 2826, 208, 79, 49 ]
sample189: [ 1676, 161, 59, 34 ]
sample190: [ 2655, 203, 73, 44 ]
sample191: [ 2699, 208, 69, 48 ]
sample192: [ 2256, 186, 66, 45 ]
sample193: [ 2285, 182, 68, 42 ]
sample194: [ 2386, 183, 67, 44 ]
sample195: [ 1438, 146, 53, 32 ]
sample196: [ 1617, 152, 54, 38 ]
sample197: [ 1834, 165, 57, 39 ]
sample198: [ 1574, 157, 64, 29 ]
sample199: [ 1496, 148, 52, 33 ]
sample200: [ 1507, 150, 51, 36 ]
sample201: [ 1338, 144, 52, 32 ]
sample202: [ 1594, 152, 58, 36 ]
sample203: [ 2687, 199, 69, 50 ]
sample204: [ 1516, 150, 52, 32 ]
sample205: [ 1443, 148, 58, 29 ]
sample206: [ 1653, 156, 55, 36 ]
sample207: [ 2699, 204, 74, 46 ]
sample208: [ 1454, 142, 53, 34 ]
sample209: [ 2168, 179, 68, 39 ]
sample210: [ 2750, 203, 73, 47 ]
sample211: [ 1518, 155, 59, 30 ]
sample212: [ 1584, 153, 54, 34 ]
sample213: [ 1401, 145, 56, 27 ]
sample214: [ 1331, 143, 51, 32 ]
sample215: [ 1516, 142, 53, 32 ]
sample216: [ 1516, 152, 55, 31 ]
sample217: [ 1626, 155, 59, 35 ]
sample218: [ 1591, 155, 55, 34 ]
sample219: [ 1577, 148, 54, 38 ]
sample220: [ 2755, 208, 70, 48 ]
sample221: [ 1481, 145, 55, 33 ]
sample222: [ 2393, 192, 69, 45 ]
sample223: [ 1505, 149, 57, 34 ]
sample224: [ 1549, 145, 53, 39 ]
sample225: [ 2829, 207, 75, 49 ]
sample226: [ 1439, 148, 52, 35 ]
sample227: [ 1502, 149, 50, 36 ]
sample228: [ 2648, 210, 79, 39 ]
sample229: [ 1666, 152, 54, 40 ]
sample230: [ 2356, 181, 66, 48 ]
sample231: [ 1440, 145, 52, 34 ]
sample232: [ 2536, 196, 69, 48 ]
sample233: [ 2445, 203, 72, 43 ]
sample234: [ 1716, 152, 54, 38 ]
sample235: [ 2148, 178, 65, 40 ]
sample236: [ 2623, 196, 68, 47 ]
sample237: [ 1596, 153, 57, 35 ]
sample238: [ 2038, 169, 62, 44 ]
sample239: [ 1417, 143, 55, 33 ]
sample240: [ 2040, 184, 68, 35 ]
sample241: [ 2635, 202, 75, 44 ]
sample242: [ 2463, 197, 70, 45 ]
sample243: [ 1470, 146, 53, 34 ]
sample244: [ 1473, 143, 51, 33 ]
