%YAML:1.0
---
sample0: [ 1748, 160, 59, 34 ]
sample1: [ 1524, 146, 53, 34 ]
sample2: [ 2614, 209, 68, 46 ]
sample3: [ 2559, 202, 72, 42 ]
sample4: [ 1380, 143, 55, 29 ]
sample5: [ 2421, 194, 70, 45 ]
sample6: [ 1593, 150, 55, 37 ]
sample7: [ 1449, 146, 54, 33 ]
sample8: [ 1459, 148, 53, 32 ]
sample9: [ 2247, 192, 73, 39 ]
sample10: [ 2826, 210, 73, 47 ]
sample11: [ 2993, 215, 83, 52 ]
sample12: [ 2891, 215, 75, 50 ]
sample13: [ 1690, 149, 58, 38 ]
sample14: [ 2720, 212, 75, 43 ]
sample15: [ 1927, 183, 69, 31 ]
sample16: [ 2985, 218, 73, 51 ]
sample17: [ 1791, 160, 56, 42 ]
sample18: [ 1422, 148, 54, 34 ]
sample19: [ 1645, 156, 60, 35 ]
sample20: [ 2475, 197, 69, 40 ]
sample21: [ 1437, 146, 56, 31 ]
sample22: [ 1874, 160, 56, 42 ]
sample23: [ 2279, 180, 71, 44 ]
sample24: [ 2494, 188, 68, 44 ]
sample25: [ 2960, 210, 67, 53 ]
sample26: [ 3055, 212, 73, 54 ]
sample27: [ 1502, 144, 51, 36 ]
sample28: [ 1476, 144, 54, 36 ]
sample29: [ 2829, 215, 71, 48 ]
sample30: [ 1358, 150, 53, 28 ]
sample31: [ 1625, 160, 61, 30 ]
sample32: [ 1561, 145, 53, 37 ]
sample33: [ 3041, 215, 79, 51 ]
sample34: [ 1304, 144, 54, 30 ]
sample35: [ 1530, 150, 57, 32 ]
sample36: [ 1598, 153, 56, 31 ]
sample37: [ 2804, 196, 70, 52 ]
sample38: [ 2413, 195, 71, 42 ]
sample39: [ 1452, 144, 52, 32 ]
sample40: [ 1558, 151, 54, 34 ]
sample41: [ 2264, 176, 65, 47 ]
sample42: [ 1355, 142, 54, 32 ]
sample43: [ 1498, 147, 53, 34 ]
sample44: [ 1519, 152, 61, 30 ]
sample45: [ 2870, 213, 80, 46 ]
sample46: [ 2850, 213, 74, 42 ]
sample47: [ 2554, 194, 71, 48 ]
sample48: [ 1511, 146, 52, 36 ]
sample49: [ 1859, 164, 60, 37 ]
sample50: [ 2364, 187, 69, 44 ]
sample51: [ 2690, 213, 72, 42 ]
sample52: [ 1545, 152, 56, 35 ]
sample53: [ 1581, 154, 56, 35 ]
sample54: [ 2171, 175, 63, 44 ]
sample55: [ 2622, 200, 69, 46 ]
sample56: [ 2177, 182, 67, 39 ]
sample57: [ 1620, 161, 56, 31 ]
sample58: [ 2334, 186, 64, 45 ]
sample59: [ 3264, 223, 79, 54 ]
sample60: [ 1605, 152, 58, 34 ]
sample61: [ 1695, 162, 64, 32 ]
sample62: [ 2755, 204, 72, 50 ]
sample63: [ 1883, 162, 59, 39 ]
sample64: [ 1465, 145, 54, 34 ]
sample65: [ 2373, 199, 65, 42 ]
sample66: [ 2684, 204, 71, 50 ]
sample67: [ 2450, 193, 69, 42 ]
sample68: [ 2512, 198, 74, 38 ]
sample69: [ 1791, 172, 61, 32 ]
sample70: [ 1482, 143, 51, 36 ]
sample71: [ 3050, 204, 73, 56 ]
sample72: [ 1470, 140, 54, 35 ]
sample73: [ 1553, 145, 52, 36 ]
sample74: [ 2911, 207, 70, 52 ]
sample75: [ 1550, 150, 57, 34 ]
sample76: [ 1689, 156, 56, 36 ]
sample77: [ 2006, 169, 58, 40 ]
sample78: [ 1559, 147, 53, 38 ]
sample79: [ 1925, 162, 58, 44 ]
sample80: [ 2270, 190, 68, 42 ]
sample81: [ 3050, 217, 74, 52 ]
sample82: [ 2009, 177, 62, 39 ]
sample83: [ 1453, 147, 55, 35 ]
sample84: [ 1457, 145, 50, 33 ]
sample85: [ 3007, 213, 73, 52 ]
sample86: [ 2776, 218, 75, 50 ]
sample87: [ 2081, 198, 67, 36 ]
sample88: [ 1315, 146, 55, 28 ]
sample89: [ 2707, 204, 73, 46 ]
sample90: [ 2220, 193, 67, 39 ]
sample91: [ 2803, 203, 71, 49 ]
sample92: [ 1998, 171, 61, 38 ]
sample93: [ 2366, 185, 72, 43 ]
sample94: [ 1491, 146, 52, 34 ]
sample95: [ 1577, 147, 52, 38 ]
sample96: [ 1747, 157, 58, 38 ]
sample97: [ 1579, 150, 56, 39 ]
sample98: [ 1600, 146, 56, 37 ]
sample99: [ 2062, 179, 63, 36 ]
sample100: [ 2055, 176, 65, 38 ]
sample101: [ 1785, 155, 56, 41 ]
sample102: [ 1388, 151, 51, 34 ]
sample103: [ 2893, 204, 73, 50 ]
sample104: [ 2490, 185, 67, 46 ]
sample105: [ 2981, 213, 77, 52 ]
sample106: [ 1260, 141, 59, 22 ]
sample107: [ 2146, 178, 61, 44 ]
sample108: [ 1656, 153, 53, 40 ]
sample109: [ 1630, 154, 58, 34 ]
sample110: [ 1701, 149, 56, 41 ]
sample111: [ 2689, 206, 68, 46 ]
sample112: [ 2197, 180, 68, 42 ]
sample113: [ 2568, 199, 71, 48 ]
sample114: [ 1419, 144, 52, 36 ]
sample115: [ 2524, 194, 74, 46 ]
sample116: [ 2902, 214, 74, 49 ]
sample117: [ 2211, 186, 66, 44 ]
sample118: [ 2968, 214, 76, 49 ]
sample119: [ 1615, 151, 58, 36 ]
sample120: [ 2293, 197, 73, 42 ]
sample121: [ 2617, 191, 72, 47 ]
sample122: [ 2911, 207, 77, 52 ]
sample123: [ 2907, 212, 74, 48 ]
sample124: [ 2536, 194, 67, 45 ]
sample125: [ 2335, 187, 64, 44 ]
sample126: [ 1545, 142, 54, 34 ]
sample127: [ 1205, 140, 61, 20 ]
sample128: [ 2503, 194, 67, 46 ]
sample129: [ 1429, 148, 53, 34 ]
sample130: [ 1690, 152, 55, 39 ]
sample131: [ 1686, 161, 59, 38 ]
sample132: [ 1469, 143, 53, 34 ]
sample133: [ 1776, 177, 66, 34 ]
sample134: [ 2287, 178, 70, 43 ]
sample135: [ 1513, 146, 56, 34 ]
sample136: [ 1333, 138, 56, 29 ]
sample137: [ 1866, 160, 57, 41 ]
sample138: [ 2172, 183, 68, 41 ]
sample139: [ 1514, 147, 53, 36 ]
sample140: [ 2760, 210, 72, 50 ]
sample141: [ 1638, 146, 54, 40 ]
sample142: [ 1366, 143, 57, 32 ]
sample143: [ 1453, 147, 54, 34 ]
sample144: [ 1446, 150, 53, 34 ]
sample145: [ 1636, 152, 54, 36 ]
sample146: [ 1446, 145, 55, 34 ]
sample147: [ 2026, 172, 61, 38 ]
sample148: [ 2879, 219, 76, 44 ]
sample149: [ 1580, 149, 54, 39 ]
sample150: [ 1455, 142, 53, 36 ]
sample151: [ 1557, 143, 50, 38 ]
sample152: [ 1690, 163, 64, 36 ]
sample153: [ 1677, 150, 56, 39 ]
sample154: [ 2028, 163, 58, 42 ]
sample155: [ 1639, 177, 70, 30 ]
sample156: [ 1972, 170, 64, 40 ]
sample157: [ 1733, 158, 59, 38 ]
sample158: [ 2640, 200, 66, 49 ]
sample159: [ 1776, 164, 60, 36 ]
sample160: [ 1639, 151, 57, 36 ]
sample161: [ 1534, 143, 53, 36 ]
sample162: [ 2922, 205, 72, 51 ]
sample163: [ 2895, 215, 74, 48 ]
sample164: [ 1590, 151, 54, 36 ]
sample165: [ 1777, 159, 61, 38 ]
sample166: [ 2098, 168, 59, 46 ]
sample167: [ 1862, 169, 60, 40 ]
sample168: [ 2673, 204, 70, 48 ]
sample169: [ 1478, 147, 58, 37 ]
sample170: [ 1680, 151, 55, 36 ]
sample171: [ 1633, 154, 52, 40 ]
sample172: [ 1437, 146, 52, 33 ]
sample173: [ 1564, 149, 55, 36 ]
sample174: [ 1571, 146, 52, 37 ]
sample175: [ 1569, 146, 55, 38 ]
sample176: [ 2618, 205, 71, 45 ]
sample177: [ 2529, 200, 71, 45 ]
sample178: [ 1693, 150, 55, 38 ]
sample179: [ 1365, 145, 49, 32 ]
sample180: [ 2970, 216, 73, 50 ]
sample181: [ 1464, 147, 50, 35 ]
sample182: [ 1602, 150, 53, 38 ]
sample183: [ 1719, 153, 59, 40 ]
sample184: [ 1443, 152, 54, 32 ]
sample185: [ 1536, 151, 56, 35 ]
sample186: [ 2366, 192, 69, 41 ]
sample187: [ 2906, 210, 81, 47 ]
sample188: [ 2734, 205, 70, 48 ]
sample189: [ 1977, 167, 60, 42 ]
sample190: [ 2545, 195, 68, 46 ]
sample191: [ 2869, 208, 70, 52 ]
sample192: [ 1475, 146, 51, 34 ]
sample193: [ 1594, 149, 49, 38 ]
sample194: [ 1818, 183, 66, 36 ]
sample195: [ 1919, 184, 64, 38 ]
sample196: [ 1641, 149, 56, 38 ]
sample197: [ 1475, 148, 52, 34 ]
sample198: [ 3045, 214, 75, 50 ]
sample199: [ 3062, 216, 69, 52 ]
sample200: [ 1530, 150, 55, 31 ]
sample201: [ 2234, 196, 74, 35 ]
sample202: [ 1894, 173, 64, 36 ]
sample203: [ 1653, 158, 55, 38 ]
sample204: [ 1443, 142, 55, 31 ]
sample205: [ 1469, 151, 54, 35 ]
sample206: [ 1487, 154, 55, 35 ]
sample207: [ 1695, 154, 60, 36 ]
sample208: [ 1582, 154, 51, 38 ]
sample209: [ 1935, 163, 55, 42 ]
sample210: [ 1405, 143, 48, 37 ]
sample211: [ 1495, 145, 58, 36 ]
sample212: [ 2661, 200, 74, 50 ]
sample213: [ 1370, 153, 54, 30 ]
sample214: [ 2426, 192, 68, 45 ]
sample215: [ 2039, 168, 59, 44 ]
sample216: [ 2485, 201, 69, 42 ]
sample217: [ 2518, 206, 68, 43 ]
sample218: [ 1425, 145, 55, 30 ]
sample219: [ 1847, 159, 59, 41 ]
sample220: [ 2920, 210, 70, 53 ]
sample221: [ 1609, 152, 55, 36 ]
sample222: [ 1594, 147, 53, 34 ]
sample223: [ 1562, 146, 56, 35 ]
sample224: [ 1619, 150, 52, 36 ]
sample225: [ 1505, 146, 53, 36 ]
sample226: [ 1857, 161, 61, 35 ]
sample227: [ 1397, 148, 56, 32 ]
sample228: [ 1544, 146, 55, 36 ]
sample229: [ 2529, 195, 69, 45 ]
sample230: [ 1533, 145, 57, 36 ]
sample231: [ 1466, 142, 52, 32 ]
sample232: [ 1676, 157, 60, 31 ]
sample233: [ 1761, 165, 64, 34 ]
sample234: [ 1567, 155, 58, 36 ]
sample235: [ 1938, 167, 62, 41 ]
sample236: [ 2018, 181, 62, 38 ]
sample237: [ 1368, 142, 54, 32 ]
sample238: [ 1564, 146, 54, 37 ]
sample239: [ 1570, 151, 55, 36 ]
sample240: [ 1490, 146, 54, 34 ]
sample241: [ 1446, 154, 60, 24 ]
sample242: [ 2338, 186, 64, 46 ]
sample243: [ 1592, 151, 56, 37 ]
sample244: [ 1483, 149, 58, 31 ]
