%YAML:1.0
---
sample0: [ 33, 55 ]
sample1: [ 32, 53 ]
sample2: [ 31, 52 ]
sample3: [ 33, 54 ]
sample4: [ 33, 52 ]
sample5: [ 28, 53 ]
sample6: [ 33, 53 ]
sample7: [ 31, 53 ]
sample8: [ 27, 54 ]
sample9: [ 31, 50 ]
sample10: [ 34, 61 ]
sample11: [ 30, 53 ]
sample12: [ 32, 55 ]
sample13: [ 31, 52 ]
sample14: [ 37, 62 ]
sample15: [ 33, 50 ]
sample16: [ 35, 61 ]
sample17: [ 36, 61 ]
sample18: [ 30, 52 ]
sample19: [ 28, 55 ]
sample20: [ 31, 53 ]
sample21: [ 32, 51 ]
sample22: [ 31, 53 ]
sample23: [ 30, 53 ]
sample24: [ 30, 55 ]
sample25: [ 29, 56 ]
sample26: [ 29, 54 ]
sample27: [ 27, 54 ]
sample28: [ 33, 51 ]
sample29: [ 30, 52 ]
sample30: [ 32, 53 ]
sample31: [ 31, 52 ]
sample32: [ 28, 55 ]
sample33: [ 28, 55 ]
sample34: [ 30, 54 ]
sample35: [ 32, 52 ]
sample36: [ 37, 62 ]
sample37: [ 31, 53 ]
sample38: [ 31, 51 ]
sample39: [ 37, 62 ]
sample40: [ 31, 54 ]
sample41: [ 32, 54 ]
sample42: [ 32, 53 ]
sample43: [ 30, 54 ]
sample44: [ 32, 53 ]
sample45: [ 28, 55 ]
sample46: [ 32, 52 ]
sample47: [ 30, 53 ]
sample48: [ 33, 52 ]
sample49: [ 31, 52 ]
sample50: [ 31, 54 ]
sample51: [ 26, 56 ]
sample52: [ 35, 51 ]
sample53: [ 34, 52 ]
sample54: [ 32, 53 ]
sample55: [ 38, 62 ]
sample56: [ 37, 61 ]
sample57: [ 30, 55 ]
sample58: [ 32, 53 ]
sample59: [ 31, 53 ]
sample60: [ 33, 58 ]
sample61: [ 32, 55 ]
sample62: [ 28, 55 ]
sample63: [ 36, 62 ]
sample64: [ 31, 53 ]
sample65: [ 31, 53 ]
sample66: [ 28, 55 ]
sample67: [ 32, 53 ]
sample68: [ 30, 53 ]
sample69: [ 31, 54 ]
sample70: [ 32, 53 ]
sample71: [ 36, 54 ]
sample72: [ 28, 54 ]
sample73: [ 39, 61 ]
sample74: [ 31, 53 ]
sample75: [ 31, 53 ]
sample76: [ 33, 56 ]
sample77: [ 37, 60 ]
sample78: [ 32, 52 ]
sample79: [ 30, 53 ]
sample80: [ 32, 58 ]
sample81: [ 30, 52 ]
sample82: [ 33, 62 ]
sample83: [ 32, 52 ]
sample84: [ 30, 54 ]
sample85: [ 32, 52 ]
sample86: [ 32, 51 ]
sample87: [ 32, 53 ]
sample88: [ 29, 53 ]
sample89: [ 33, 54 ]
sample90: [ 30, 53 ]
sample91: [ 29, 55 ]
sample92: [ 31, 53 ]
sample93: [ 28, 57 ]
sample94: [ 28, 57 ]
sample95: [ 29, 54 ]
sample96: [ 28, 54 ]
sample97: [ 31, 52 ]
sample98: [ 33, 50 ]
sample99: [ 31, 52 ]
sample100: [ 33, 61 ]
sample101: [ 33, 52 ]
sample102: [ 30, 53 ]
sample103: [ 37, 62 ]
sample104: [ 34, 56 ]
sample105: [ 30, 53 ]
sample106: [ 39, 61 ]
sample107: [ 31, 53 ]
sample108: [ 31, 54 ]
sample109: [ 29, 57 ]
sample110: [ 31, 54 ]
sample111: [ 41, 62 ]
sample112: [ 30, 54 ]
sample113: [ 31, 53 ]
sample114: [ 30, 53 ]
sample115: [ 31, 56 ]
sample116: [ 36, 58 ]
sample117: [ 32, 52 ]
sample118: [ 33, 52 ]
sample119: [ 32, 53 ]
sample120: [ 27, 55 ]
sample121: [ 31, 52 ]
sample122: [ 31, 51 ]
sample123: [ 29, 54 ]
sample124: [ 30, 54 ]
sample125: [ 30, 55 ]
sample126: [ 36, 61 ]
sample127: [ 29, 56 ]
sample128: [ 32, 53 ]
sample129: [ 33, 55 ]
sample130: [ 31, 58 ]
sample131: [ 32, 54 ]
sample132: [ 31, 54 ]
sample133: [ 32, 55 ]
sample134: [ 41, 59 ]
sample135: [ 30, 53 ]
sample136: [ 30, 54 ]
sample137: [ 29, 53 ]
sample138: [ 34, 62 ]
sample139: [ 37, 62 ]
sample140: [ 34, 57 ]
sample141: [ 26, 55 ]
sample142: [ 36, 58 ]
sample143: [ 29, 54 ]
sample144: [ 31, 51 ]
sample145: [ 29, 55 ]
sample146: [ 34, 57 ]
sample147: [ 34, 53 ]
sample148: [ 30, 53 ]
sample149: [ 34, 54 ]
sample150: [ 32, 53 ]
sample151: [ 31, 53 ]
sample152: [ 29, 54 ]
sample153: [ 31, 52 ]
sample154: [ 32, 52 ]
sample155: [ 29, 54 ]
sample156: [ 29, 54 ]
sample157: [ 34, 55 ]
sample158: [ 29, 56 ]
sample159: [ 33, 55 ]
sample160: [ 31, 53 ]
sample161: [ 29, 56 ]
sample162: [ 31, 54 ]
sample163: [ 31, 54 ]
sample164: [ 32, 52 ]
sample165: [ 32, 53 ]
sample166: [ 32, 51 ]
sample167: [ 30, 54 ]
sample168: [ 28, 53 ]
sample169: [ 28, 55 ]
sample170: [ 32, 62 ]
sample171: [ 30, 54 ]
sample172: [ 31, 53 ]
sample173: [ 31, 58 ]
sample174: [ 29, 56 ]
sample175: [ 31, 54 ]
sample176: [ 41, 61 ]
sample177: [ 30, 53 ]
sample178: [ 31, 52 ]
sample179: [ 32, 54 ]
sample180: [ 29, 54 ]
sample181: [ 30, 55 ]
sample182: [ 40, 61 ]
sample183: [ 32, 55 ]
sample184: [ 34, 62 ]
sample185: [ 31, 52 ]
sample186: [ 33, 54 ]
sample187: [ 35, 62 ]
sample188: [ 31, 55 ]
sample189: [ 31, 53 ]
sample190: [ 29, 53 ]
sample191: [ 31, 57 ]
sample192: [ 32, 54 ]
sample193: [ 35, 60 ]
sample194: [ 29, 53 ]
sample195: [ 29, 55 ]
sample196: [ 31, 53 ]
sample197: [ 30, 54 ]
sample198: [ 31, 54 ]
sample199: [ 31, 53 ]
sample200: [ 35, 54 ]
sample201: [ 28, 55 ]
sample202: [ 30, 57 ]
sample203: [ 33, 50 ]
sample204: [ 29, 55 ]
sample205: [ 29, 55 ]
sample206: [ 34, 53 ]
sample207: [ 33, 50 ]
sample208: [ 39, 61 ]
sample209: [ 42, 60 ]
sample210: [ 32, 62 ]
sample211: [ 30, 54 ]
sample212: [ 32, 52 ]
sample213: [ 41, 62 ]
sample214: [ 33, 51 ]
sample215: [ 30, 54 ]
sample216: [ 30, 52 ]
sample217: [ 33, 61 ]
sample218: [ 30, 53 ]
sample219: [ 28, 54 ]
sample220: [ 37, 61 ]
sample221: [ 30, 54 ]
sample222: [ 32, 51 ]
sample223: [ 31, 55 ]
sample224: [ 32, 52 ]
sample225: [ 29, 57 ]
sample226: [ 27, 55 ]
sample227: [ 32, 55 ]
sample228: [ 28, 54 ]
sample229: [ 37, 62 ]
sample230: [ 36, 62 ]
sample231: [ 35, 59 ]
sample232: [ 29, 54 ]
sample233: [ 31, 52 ]
sample234: [ 29, 54 ]
sample235: [ 33, 52 ]
sample236: [ 31, 53 ]
sample237: [ 39, 61 ]
sample238: [ 32, 54 ]
sample239: [ 34, 51 ]
sample240: [ 33, 57 ]
sample241: [ 32, 54 ]
sample242: [ 38, 62 ]
sample243: [ 33, 53 ]
sample244: [ 40, 61 ]
sample245: [ 33, 52 ]
sample246: [ 32, 56 ]
sample247: [ 31, 54 ]
sample248: [ 38, 61 ]
sample249: [ 32, 52 ]
sample250: [ 34, 55 ]
sample251: [ 32, 54 ]
sample252: [ 32, 54 ]
sample253: [ 31, 52 ]
sample254: [ 31, 56 ]
sample255: [ 31, 53 ]
sample256: [ 32, 54 ]
sample257: [ 30, 54 ]
sample258: [ 30, 57 ]
sample259: [ 31, 54 ]
sample260: [ 26, 55 ]
sample261: [ 31, 56 ]
sample262: [ 28, 54 ]
sample263: [ 29, 54 ]
sample264: [ 33, 52 ]
sample265: [ 33, 55 ]
sample266: [ 32, 61 ]
sample267: [ 30, 56 ]
sample268: [ 35, 53 ]
sample269: [ 37, 62 ]
sample270: [ 27, 57 ]
sample271: [ 33, 54 ]
sample272: [ 32, 54 ]
sample273: [ 26, 56 ]
sample274: [ 31, 53 ]
sample275: [ 25, 54 ]
sample276: [ 32, 53 ]
sample277: [ 35, 57 ]
sample278: [ 42, 62 ]
sample279: [ 31, 53 ]
sample280: [ 38, 60 ]
sample281: [ 37, 62 ]
sample282: [ 30, 62 ]
sample283: [ 32, 53 ]
sample284: [ 31, 55 ]
sample285: [ 28, 54 ]
sample286: [ 29, 56 ]
sample287: [ 32, 54 ]
sample288: [ 34, 52 ]
sample289: [ 31, 52 ]
sample290: [ 34, 52 ]
sample291: [ 35, 54 ]
sample292: [ 37, 62 ]
sample293: [ 34, 62 ]
sample294: [ 32, 54 ]
sample295: [ 36, 61 ]
sample296: [ 36, 52 ]
sample297: [ 30, 53 ]
sample298: [ 32, 52 ]
sample299: [ 41, 62 ]
sample300: [ 29, 54 ]
sample301: [ 30, 54 ]
sample302: [ 26, 55 ]
sample303: [ 31, 54 ]
sample304: [ 33, 51 ]
sample305: [ 30, 54 ]
sample306: [ 33, 54 ]
sample307: [ 34, 56 ]
sample308: [ 30, 57 ]
sample309: [ 36, 62 ]
sample310: [ 31, 52 ]
sample311: [ 40, 60 ]
sample312: [ 33, 55 ]
sample313: [ 28, 54 ]
sample314: [ 33, 52 ]
sample315: [ 34, 58 ]
sample316: [ 32, 51 ]
sample317: [ 31, 53 ]
sample318: [ 28, 56 ]
sample319: [ 33, 54 ]
sample320: [ 29, 53 ]
sample321: [ 31, 52 ]
sample322: [ 30, 55 ]
sample323: [ 31, 58 ]
sample324: [ 30, 54 ]
sample325: [ 30, 56 ]
sample326: [ 30, 55 ]
sample327: [ 30, 54 ]
sample328: [ 33, 53 ]
sample329: [ 31, 55 ]
sample330: [ 36, 62 ]
sample331: [ 31, 53 ]
sample332: [ 29, 54 ]
sample333: [ 32, 54 ]
sample334: [ 33, 52 ]
sample335: [ 29, 54 ]
sample336: [ 31, 54 ]
sample337: [ 30, 54 ]
sample338: [ 32, 54 ]
sample339: [ 40, 61 ]
sample340: [ 39, 61 ]
sample341: [ 38, 62 ]
sample342: [ 33, 52 ]
sample343: [ 37, 62 ]
sample344: [ 30, 54 ]
sample345: [ 39, 60 ]
sample346: [ 28, 54 ]
sample347: [ 32, 53 ]
sample348: [ 33, 53 ]
sample349: [ 31, 54 ]
sample350: [ 30, 54 ]
sample351: [ 31, 56 ]
sample352: [ 29, 54 ]
sample353: [ 30, 55 ]
sample354: [ 30, 55 ]
sample355: [ 30, 54 ]
sample356: [ 31, 53 ]
sample357: [ 33, 52 ]
sample358: [ 36, 62 ]
sample359: [ 33, 52 ]
sample360: [ 33, 56 ]
sample361: [ 32, 55 ]
sample362: [ 31, 56 ]
sample363: [ 33, 53 ]
sample364: [ 31, 56 ]
sample365: [ 33, 53 ]
sample366: [ 34, 52 ]
sample367: [ 32, 51 ]
