%YAML:1.0
---
sample0: [ -8.1739612062322609e-01, -9.7851138961872142e-01,
    -1.3343213352677523e+00, -5.6483149176276548e-01 ]
sample1: [ 2.0611790022517695e+00, 1.9051496925024987e+00,
    1.8479944962015535e+00, 2.3334524426511649e+00 ]
sample2: [ 8.2560013006534572e-01, 7.8372593834424631e-01,
    9.9121715695981738e-01, 8.0803984559120146e-01 ]
sample3: [ -7.4505097864620895e-01, -8.1830799616754302e-01,
    -7.2233752152365494e-01, -4.1229023205676896e-01 ]
sample4: [ -9.2210619453732967e-01, -8.5835884453033717e-01,
    -9.6713104702129371e-01, -1.1749965305867507e+00 ]
sample5: [ 7.1898623662553174e-01, 8.2377678670704046e-01,
    9.9121715695981738e-01, 5.0295732617920930e-01 ]
sample6: [ 1.6271081503896667e+00, 1.9452005408652928e+00,
    1.6032009707039139e+00, 4.5333547061219726e-02 ]
sample7: [ -2.9955720962984067e-01, -4.1779951253959524e-01,
    -1.1035370777955755e-01, -1.0720771264477591e-01 ]
sample8: [ -9.2020237501161883e-01, -8.9840969289313222e-01,
    -1.2119245725189325e+00, -7.1737275146876112e-01 ]
sample9: [ -5.3182319176657966e-01, -4.5785036090239029e-01,
    -3.5514723327719633e-01, -4.1229023205676896e-01 ]
sample10: [ -1.4361374664792930e+00, -1.0986639347071057e+00,
    -4.7754399602601616e-01, -2.2427853485287246e+00 ]
sample11: [ -6.1368743137215143e-01, -8.1830799616754302e-01,
    -8.4473428427247388e-01, -2.5974897235077243e-01 ]
sample12: [ 2.2610800524514216e+00, 1.9051496925024987e+00,
    2.2151847844480121e+00, 2.3334524426511649e+00 ]
sample13: [ -6.4034090473210536e-01, -7.7825714780474797e-01,
    -7.2233752152365494e-01, -4.1229023205676896e-01 ]
sample14: [ -8.8974126260024322e-01, -8.5835884453033717e-01,
    -1.0895278097701135e+00, -5.6483149176276548e-01 ]
sample15: [ -5.6228430417795527e-01, -7.3820629944195293e-01,
    -5.9994075877483510e-01, 4.5333547061219726e-02 ]
sample16: [ 3.1500949582046189e-03, 1.8296321290232509e-01,
    -2.3275047052837738e-01, 1.9787480676721625e-01 ]
sample17: [ -8.0597320346896018e-01, -5.7800290599077453e-01,
    -5.9994075877483510e-01, -1.4800790499987428e+00 ]
sample18: [ -9.3352911169159558e-01, -1.0185622379815165e+00,
    -1.0895278097701135e+00, -7.1737275146876112e-01 ]
sample19: [ -7.9645410584040510e-01, -9.7851138961872142e-01,
    -5.9994075877483510e-01, -7.1737275146876112e-01 ]
sample20: [ -1.0553735613370980e+00, -9.3846054125592637e-01,
    -1.0895278097701135e+00, -7.1737275146876112e-01 ]
sample21: [ -9.6589404362868203e-01, -9.3846054125592637e-01,
    -7.2233752152365494e-01, -1.1749965305867507e+00 ]
sample22: [ -1.1048728690055833e+00, -9.7851138961872142e-01,
    -1.0895278097701135e+00, -1.1749965305867507e+00 ]
sample23: [ 1.4557643930756790e+00, 1.6247937539629342e+00,
    1.4808042079550949e+00, 1.4182048844151875e+00 ]
sample24: [ 1.0635775707792181e+00, 1.5446920572373459e+00,
    1.8479944962015535e+00, 3.5041606647321277e-01 ]
sample25: [ 1.2462754324933378e-03, 3.8321745471629853e-01,
    8.6882039421099844e-01, -1.1749965305867507e+00 ]
sample26: [ 1.8669894106292499e+00, 1.9452005408652928e+00,
    9.9121715695981738e-01, 1.8758286635331762e+00 ]
sample27: [ 1.7927404491265220e+00, 1.6648446023257302e+00,
    9.9121715695981738e-01, 2.1809111829451684e+00 ]
sample28: [ -4.8232388409809435e-01, -5.3795205762797949e-01,
    -3.5514723327719633e-01, -4.1229023205676896e-01 ]
sample29: [ 1.4938407835898984e+00, 1.4245395121489617e+00,
    1.3584074452062760e+00, 1.7232874038271797e+00 ]
sample30: [ 1.3396314020073090e+00, 1.2242852703349874e+00,
    8.6882039421099844e-01, 1.4182048844151875e+00 ]
sample31: [ 3.4964524863760182e-01, 3.8321745471629853e-01,
    1.3443981771808122e-01, 1.1131223650031945e+00 ]
sample32: [ 1.2880218365512874e-01, 3.0311575799070933e-01,
    1.3443981771808122e-01, 4.5333547061219726e-02 ]
sample33: [ -3.9665200544110046e-01, -1.7749442236282764e-01,
    3.7923334321572000e-01, -8.6991401117475764e-01 ]
sample34: [ -1.1505645376226465e+00, -1.1387147830698998e+00,
    -5.9994075877483510e-01, -1.6326203097047394e+00 ]
sample35: [ -3.3001832204121628e-01, -5.7341877274443398e-02,
    -3.5514723327719633e-01, -4.1229023205676896e-01 ]
sample36: [ 1.1759029227961655e+00, 1.1842344219721932e+00,
    1.1136139197086363e+00, 9.6058110529719798e-01 ]
sample37: [ 8.7700325725954187e-01, 9.4392933179542471e-01,
    8.6882039421099844e-01, 1.1131223650031945e+00 ]
sample38: [ 1.1739991032704546e+00, 9.8398018015821975e-01,
    1.1136139197086363e+00, 1.1131223650031945e+00 ]
sample39: [ -7.9455028631469427e-01, -8.9840969289313222e-01,
    -7.2233752152365494e-01, -7.1737275146876112e-01 ]
sample40: [ -6.3653326568068325e-01, -8.1830799616754302e-01,
    -7.2233752152365494e-01, -2.5974897235077243e-01 ]
sample41: [ 1.4214956416128812e+00, 1.5046412088745500e+00,
    1.1136139197086363e+00, 1.8758286635331762e+00 ]
sample42: [ -1.0820270346970515e+00, -1.1787656314326949e+00,
    -4.7754399602601616e-01, -1.3275377902927472e+00 ]
sample43: [ 7.5706262713975114e-01, 1.0640818768838090e+00,
    8.6882039421099844e-01, 5.0295732617920930e-01 ]
sample44: [ 8.3321540816818995e-01, 1.2242852703349874e+00,
    1.7255977334527346e+00, -1.0720771264477591e-01 ]
sample45: [ -9.2972147264017346e-01, -9.3846054125592637e-01,
    -4.7754399602601616e-01, -1.0224552708807542e+00 ]
sample46: [ -8.7070306734313307e-01, -1.1387147830698998e+00,
    -1.3343213352677523e+00, -4.1229023205676896e-01 ]
sample47: [ -6.9364785145201235e-01, -8.5835884453033717e-01,
    -5.9994075877483510e-01, -2.5974897235077243e-01 ]
sample48: [ -7.7741591058329540e-01, -8.9840969289313222e-01,
    -9.6713104702129371e-01, -7.1737275146876112e-01 ]
sample49: [ -9.3924057026872854e-01, -9.7851138961872142e-01,
    -7.2233752152365494e-01, -1.0224552708807542e+00 ]
sample50: [ -9.5066348742299445e-01, -7.7825714780474797e-01,
    -1.0895278097701135e+00, -1.0224552708807542e+00 ]
sample51: [ -1.2821345231585290e-01, 2.6306490962791429e-01,
    6.2402686871335877e-01, -1.0224552708807542e+00 ]
sample52: [ 1.6290119699153776e+00, 1.5446920572373459e+00,
    1.2360106824574553e+00, 1.7232874038271797e+00 ]
sample53: [ -5.2420791366373587e-01, -6.5810460271636373e-01,
    -9.6713104702129371e-01, 1.9787480676721625e-01 ]
sample54: [ 1.0921348636648824e+00, 8.6382763506983551e-01,
    1.2360106824574553e+00, 1.2656636247091910e+00 ]
sample55: [ 1.9564689283376655e+00, 1.7449462990513185e+00,
    1.4808042079550949e+00, 1.8758286635331762e+00 ]
sample56: [ -2.6719227769275422e-01, -9.7392725637237554e-02,
    1.3443981771808122e-01, -7.1737275146876112e-01 ]
sample57: [ -9.9656159430188129e-02, 1.4291236453953093e-01,
    2.5683658046690017e-01, -8.6991401117475764e-01 ]
sample58: [ 2.7730010666058513e-01, 5.0336999980468278e-01,
    5.0163010596453983e-01, 3.5041606647321277e-01 ]
sample59: [ 2.7730010666058513e-01, 2.6306490962791429e-01,
    6.2402686871335877e-01, -2.5974897235077243e-01 ]
sample60: [ 1.3910345292015061e+00, 1.3844886637861658e+00,
    1.2360106824574553e+00, 1.2656636247091910e+00 ]
sample61: [ 1.3377275824815982e+00, 1.0640818768838090e+00,
    1.3584074452062760e+00, 8.0803984559120146e-01 ]
sample62: [ -9.9254751698863553e-01, -9.7851138961872142e-01,
    -1.2119245725189325e+00, -4.1229023205676896e-01 ]
sample63: [ -2.2530824812711270e-01, 3.4316660635350438e-01,
    1.2043054969261391e-02, -5.6483149176276548e-01 ]
sample64: [ -7.0316694908056743e-01, -8.1830799616754302e-01,
    -1.0895278097701135e+00, -1.0720771264477591e-01 ]
sample65: [ -7.8883882773756131e-01, -8.9840969289313222e-01,
    -8.4473428427247388e-01, -7.1737275146876112e-01 ]
sample66: [ 7.3040915377979676e-01, 1.0640818768838090e+00,
    8.6882039421099844e-01, 5.0295732617920930e-01 ]
sample67: [ -5.5276520654940020e-01, -6.9815545107915877e-01,
    -3.5514723327719633e-01, -2.5974897235077243e-01 ]
sample68: [ -6.1368743137215143e-01, -7.7825714780474797e-01,
    -3.5514723327719633e-01, -1.0720771264477591e-01 ]
