%YAML:1.0
---
sample0: [ -7.2257030533878641e-01, -2.5009042494503575e-01,
    -2.6392767128229622e-01, -6.2369043946596214e-01 ]
sample1: [ -4.3975162446338079e-01, -2.8182328276859181e-02,
    2.7913338073889093e-01, 9.4020077756088227e-02 ]
sample2: [ -5.1831236915099321e-01, -6.9390661828139422e-01,
    -1.0785192493140787e+00, 9.4020077756088227e-02 ]
sample3: [ 2.5158292878761124e-01, 5.2658791339359112e-01,
    7.6028547282973591e-03, 9.4020077756088227e-02 ]
sample4: [ 1.6237772693312476e+00, 1.6361283967344846e+00,
    1.0937249587706717e+00, 8.1173059497814037e-01 ]
sample5: [ 4.8726516285044941e-01, 8.2771720057230880e-02,
    -2.6392767128229622e-01, 8.1173059497814037e-01 ]
sample6: [ 1.9920909899586992e-01, 8.2771720057230880e-02,
    -5.3545819729288979e-01, 1.5294411122001925e+00 ]
sample7: [ -5.3402451808851570e-01, -4.7199852161321587e-01,
    -5.3545819729288979e-01, 9.4020077756088227e-02 ]
sample8: [ 3.1007192694583665e+00, 2.5237607834071980e+00,
    2.9944386408448267e+00, 2.6060068880332690e+00 ]
sample9: [ 2.2470258438529758e+00, 2.1908986384049314e+00,
    2.4513775888236395e+00, 1.5294411122001925e+00 ]
sample10: [ 3.2630781418127661e+00, 2.6347148317412881e+00,
    1.9083165368024524e+00, 3.3237174052553193e+00 ]
sample11: [ 3.9299226922531449e-01, 4.1563386505950106e-01,
    5.5066390674948451e-01, 9.4020077756088227e-02 ]
sample12: [ -5.0783760319264459e-01, -5.8295256994730416e-01,
    -5.3545819729288979e-01, 9.4020077756088227e-02 ]
sample13: [ -1.0368132840892370e+00, -9.1581471494957256e-01,
    -2.6392767128229622e-01, -1.3414009566880143e+00 ]
sample14: [ -4.2927685850503217e-01, -1.3913637661094569e-01,
    7.6028547282973591e-03, -6.2369043946596214e-01 ]
sample15: [ -5.4973666702603818e-01, -8.0486066661548250e-01,
    -5.3545819729288979e-01, -6.2369043946596214e-01 ]
sample16: [ -3.6119087977576747e-01, -1.3913637661094569e-01,
    -5.3545819729288979e-01, 9.4020077756088227e-02 ]
sample17: [ -3.4547873083824499e-01, -8.0486066661548250e-01,
    -1.3500497753246723e+00, 9.4020077756088227e-02 ]
sample18: [ -9.3730300748492823e-01, -8.0486066661548250e-01,
    -5.3545819729288979e-01, -6.2369043946596214e-01 ]
sample19: [ -1.0053889862141920e+00, -3.6104447327912581e-01,
    -5.3545819729288979e-01, -1.7002562152990386e+00 ]
sample20: [ 2.4774706949366383e+00, 1.8580364934026612e+00,
    1.6367860107918588e+00, 1.5294411122001925e+00 ]
sample21: [ 1.5347417586852856e+00, 1.5251743484003946e+00,
    1.6367860107918588e+00, 1.5294411122001925e+00 ]
sample22: [ -3.7166564573411609e-01, -1.3913637661094569e-01,
    7.6028547282973591e-03, -2.6483518085493607e-01 ]
sample23: [ 2.4931828438741608e+00, 2.5237607834071980e+00,
    2.7229081148342331e+00, 2.2471516294222429e+00 ]
sample24: [ -4.1880209254668355e-01, -1.3913637661094569e-01,
    2.7913338073889093e-01, 9.4020077756088227e-02 ]
sample25: [ -7.9065628406805111e-01, 8.2771720057230880e-02,
    8.2219443276007809e-01, -2.0591114739100647e+00 ]
sample26: [ -1.0106263691933659e+00, -9.1581471494957256e-01,
    -5.3545819729288979e-01, -1.3414009566880143e+00 ]
sample27: [ -7.0162077342208917e-01, -9.1581471494957256e-01,
    -2.6392767128229622e-01, -6.2369043946596214e-01 ]
sample28: [ -2.5644322019228394e-01, -5.8295256994730416e-01,
    -1.0785192493140787e+00, 9.4020077756088227e-02 ]
sample29: [ -4.3451424148420603e-01, -1.2486768599518410e+00,
    2.7913338073889093e-01, -2.6483518085493607e-01 ]
sample30: [ 2.1138077703947822e-02, -2.5009042494503575e-01,
    -2.6392767128229622e-01, 9.4020077756088227e-02 ]
sample31: [ -9.5825253940162458e-01, -1.2486768599518410e+00,
    -2.6392767128229622e-01, -2.0591114739100647e+00 ]
sample32: [ -2.0760986129445769e-02, -1.3913637661094569e-01,
    -8.0698872330348514e-01, 8.1173059497814037e-01 ]
sample33: [ 1.0663311745599202e-02, -5.8295256994730416e-01,
    -2.6392767128229622e-01, 9.4020077756088227e-02 ]
sample34: [ 3.0326332907291018e+00, 2.4128067350731079e+00,
    1.9083165368024524e+00, 2.2471516294222429e+00 ]
sample35: [ 1.3095342905807961e+00, 1.7470824450685711e+00,
    2.1798470628130460e+00, 8.1173059497814037e-01 ]
sample36: [ -3.2976658190072250e-01, 1.9372576839132094e-01,
    -1.0785192493140787e+00, 4.5287533636711430e-01 ]
sample37: [ -2.1454415635889035e-01, 8.2771720057230880e-02,
    8.2219443276007809e-01, -6.2369043946596214e-01 ]
sample38: [ -1.0630001989851081e+00, -9.1581471494957256e-01,
    7.6028547282973591e-03, -2.0591114739100647e+00 ]
sample39: [ 1.5295043757061126e+00, 1.5251743484003946e+00,
    2.1798470628130460e+00, 9.4020077756088227e-02 ]
sample40: [ 9.9698822391560249e-02, 1.9372576839132094e-01,
    -1.0785192493140787e+00, 8.1173059497814037e-01 ]
sample41: [ -3.1929181594237388e-01, -4.7199852161321587e-01,
    -5.3545819729288979e-01, 9.4020077756088227e-02 ]
sample42: [ -4.3451424148420603e-01, -3.6104447327912581e-01,
    -5.3545819729288979e-01, -6.2369043946596214e-01 ]
sample43: [ -6.7897432942013225e-02, -2.8182328276859181e-02,
    -2.6392767128229622e-01, 4.5287533636711430e-01 ]
sample44: [ -8.1160581598474746e-01, -4.7199852161321587e-01,
    -2.6392767128229622e-01, -1.3414009566880143e+00 ]
sample45: [ 1.2571604607890539e+00, 1.4142203000663045e+00,
    1.9083165368024524e+00, 9.4020077756088227e-02 ]
sample46: [ -1.0577628160059342e+00, -1.0267687632836626e+00,
    2.7913338073889093e-01, -2.0591114739100647e+00 ]
sample47: [ -1.2550864571292930e-01, -2.5009042494503575e-01,
    -2.6392767128229622e-01, 9.4020077756088227e-02 ]
sample48: [ 6.9676048201741736e-01, 1.0813581550640379e+00,
    1.9083165368024524e+00, 9.4020077756088227e-02 ]
sample49: [ -7.1209553938043779e-01, -6.9390661828139422e-01,
    -2.6392767128229622e-01, -6.2369043946596214e-01 ]
sample50: [ 4.6107824795457919e-01, 8.2771720057230880e-02,
    -5.3545819729288979e-01, 1.5294411122001925e+00 ]
sample51: [ -5.2354975213016708e-01, -5.8295256994730416e-01,
    -1.0785192493140787e+00, 9.4020077756088227e-02 ]
sample52: [ 5.5011375860054024e-01, 6.3754196172767763e-01,
    7.6028547282973591e-03, 8.1173059497814037e-01 ]
sample53: [ 1.0493620537073411e-01, -9.1581471494957256e-01,
    -8.0698872330348514e-01, 8.1173059497814037e-01 ]
sample54: [ -3.6119087977576747e-01, 3.0467981672541100e-01,
    -2.6392767128229622e-01, 9.4020077756088227e-02 ]
sample55: [ -9.6872730535997320e-01, -1.0267687632836626e+00,
    -8.0698872330348514e-01, -1.3414009566880143e+00 ]
sample56: [ -8.7969179471401215e-01, -3.6104447327912581e-01,
    7.6028547282973591e-03, -1.3414009566880143e+00 ]
sample57: [ -1.4122079465045179e-01, -3.6104447327912581e-01,
    7.6028547282973591e-03, 9.4020077756088227e-02 ]
sample58: [ -3.2452919892154863e-01, -2.8182328276859181e-02,
    -1.0785192493140787e+00, 9.4020077756088227e-02 ]
sample59: [ -2.5998369108619634e-02, -1.3913637661094569e-01,
    -5.3545819729288979e-01, 9.4020077756088227e-02 ]
sample60: [ -1.2550864571292930e-01, 5.2658791339359112e-01,
    7.6028547282973591e-03, -6.2369043946596214e-01 ]
sample61: [ -5.9163573085943177e-01, -6.9390661828139422e-01,
    -8.0698872330348514e-01, -6.2369043946596214e-01 ]
sample62: [ 3.1478557162709340e+00, 3.0785310250776448e+00,
    1.6367860107918588e+00, 2.9648621466442950e+00 ]
sample63: [ 1.4038071842059310e+00, 1.5251743484003946e+00,
    2.1798470628130460e+00, 8.1173059497814037e-01 ]
sample64: [ -5.1307498617181935e-01, 8.2771720057230880e-02,
    2.7913338073889093e-01, -6.2369043946596214e-01 ]
sample65: [ -6.4924694363034785e-01, -6.9390661828139422e-01,
    2.7913338073889093e-01, -6.2369043946596214e-01 ]
sample66: [ 7.6484646074668206e-01, 3.0467981672541100e-01,
    1.0937249587706717e+00, 4.5287533636711430e-01 ]
sample67: [ 5.8677543945475907e-01, 7.4849601006176769e-01,
    5.5066390674948451e-01, -6.2369043946596214e-01 ]
sample68: [ -3.0881704998402615e-01, -6.9390661828139422e-01,
    -1.8931108273458594e+00, 4.5287533636711430e-01 ]
