%YAML:1.0
---
sample0: [ 5.3081987978487177e-03, -2.4043862210058720e-02,
    -2.6046114976572099e-01, 7.6970698450211117e-01 ]
sample1: [ -4.4011037947588783e-01, -2.3689531609069725e-01,
    -7.8701842609497596e-01, 5.9143237008944638e-02 ]
sample2: [ -7.0535964518946148e-01, -7.6902395079229358e-01,
    -7.8701842609497596e-01, 5.9143237008944638e-02 ]
sample3: [ -1.2981878562227411e-01, 8.2381864730260546e-02,
    2.8174883989073862e-03, 5.9143237008944638e-02 ]
sample4: [ -3.3501161381579259e-01, -6.6259822385197431e-01,
    -1.0502970642596043e+00, 5.9143237008944638e-02 ]
sample5: [ -9.3557598901633643e-01, -8.7544967773261284e-01,
    -7.8701842609497596e-01, -1.3619842579773866e+00 ]
sample6: [ -2.1990344190235511e-01, -3.4332104303101652e-01,
    2.6609612656353576e-01, 5.9143237008944638e-02 ]
sample7: [ -6.8033612955610590e-01, -6.6259822385197431e-01,
    -7.8701842609497596e-01, -6.5142051048422012e-01 ]
sample8: [ -9.3057128588966531e-01, -9.8187540467293211e-01,
    -5.2373978793034759e-01, -1.3619842579773866e+00 ]
sample9: [ -6.8033612955610590e-01, -5.5617249691165505e-01,
    -5.2373978793034759e-01, -1.0067023842308043e+00 ]
sample10: [ 1.0663052616521433e+00, 1.3594905880140917e+00,
    1.5824893173866759e+00, 7.6970698450211117e-01 ]
sample11: [ -6.1027028578270848e-01, -6.6259822385197431e-01,
    -5.2373978793034759e-01, 5.9143237008944638e-02 ]
sample12: [ -1.1480467624225987e-01, 8.2381864730260546e-02,
    2.6609612656353576e-01, 4.1442511075552879e-01 ]
sample13: [ -5.6022325451599642e-01, -9.8187540467293211e-01,
    -7.8701842609497596e-01, 5.9143237008944638e-02 ]
sample14: [ 2.1973681682798336e+00, 1.5723420418947303e+00,
    1.5824893173866759e+00, 2.1908344794884425e+00 ]
sample15: [ -4.8014800448925765e-01, -6.6259822385197431e-01,
    -1.3135757024242327e+00, 5.9143237008944638e-02 ]
sample16: [ 1.9621471213262875e+00, 1.8916192227156881e+00,
    1.5824893173866759e+00, 1.4802707319952777e+00 ]
sample17: [ 1.6818837462326997e+00, 1.8916192227156881e+00,
    1.5824893173866759e+00, 1.4802707319952777e+00 ]
sample18: [ -5.6522795764266842e-01, -6.6259822385197431e-01,
    -7.8701842609497596e-01, 5.9143237008944638e-02 ]
sample19: [ -1.0106465359164050e+00, -2.3689531609069725e-01,
    -2.6046114976572099e-01, -1.3619842579773866e+00 ]
sample20: [ -7.8543489521620113e-01, -9.8187540467293211e-01,
    -1.0502970642596043e+00, -6.5142051048422012e-01 ]
sample21: [ -4.7514330136258653e-01, -8.7544967773261284e-01,
    -5.2373978793034759e-01, 5.9143237008944638e-02 ]
sample22: [ -6.3028909828939383e-01, -7.6902395079229358e-01,
    -1.0502970642596043e+00, -6.5142051048422012e-01 ]
sample23: [ -6.0526558265603736e-01, -4.4974676997133578e-01,
    -2.6046114976572099e-01, -2.9613863673763774e-01 ]
sample24: [ -5.4020444200931195e-01, -4.4974676997133578e-01,
    -5.2373978793034759e-01, -6.5142051048422012e-01 ]
sample25: [ -6.5531261392274942e-01, -9.8187540467293211e-01,
    -5.2373978793034759e-01, -1.0067023842308043e+00 ]
sample26: [ -9.3557598901633643e-01, -8.7544967773261284e-01,
    2.6609612656353576e-01, -1.3619842579773866e+00 ]
sample27: [ -1.2008252547299101e+00, -8.7544967773261284e-01,
    -5.2373978793034759e-01, -2.0725480054705514e+00 ]
sample28: [ -4.7514330136258653e-01, -9.8187540467293211e-01,
    2.8174883989073862e-03, -2.9613863673763774e-01 ]
sample29: [ -5.3519973888264083e-01, -8.7544967773261284e-01,
    -5.2373978793034759e-01, -6.5142051048422012e-01 ]
sample30: [ -1.9988462939567064e-01, -5.5617249691165505e-01,
    -2.6046114976572099e-01, 5.9143237008944638e-02 ]
sample31: [ -4.4511508260255894e-01, -3.4332104303101652e-01,
    -2.6046114976572099e-01, 5.9143237008944638e-02 ]
sample32: [ -9.8061831715637737e-01, -6.6259822385197431e-01,
    -2.6046114976572099e-01, -1.3619842579773866e+00 ]
sample33: [ -7.4539727020283131e-01, -3.4332104303101652e-01,
    -5.2373978793034759e-01, -1.3619842579773866e+00 ]
sample34: [ -5.6022325451599642e-01, -1.1947268585535706e+00,
    -2.6046114976572099e-01, -6.5142051048422012e-01 ]
sample35: [ -5.4520914513598306e-01, -5.5617249691165505e-01,
    -1.3135757024242327e+00, -2.9613863673763774e-01 ]
sample36: [ 1.9671518244529587e+00, 1.6787677688350495e+00,
    2.1090465937159326e+00, 1.4802707319952777e+00 ]
sample37: [ -4.7514330136258653e-01, -2.4043862210058720e-02,
    -5.2373978793034759e-01, -6.5142051048422012e-01 ]
sample38: [ -7.8043019208953002e-01, -9.8187540467293211e-01,
    -7.8701842609497596e-01, -2.9613863673763774e-01 ]
sample39: [ 1.9721565275796298e+00, 1.4659163149544110e+00,
    2.1090465937159326e+00, 1.4802707319952777e+00 ]
sample40: [ -1.2481408249560211e-01, 8.2381864730260546e-02,
    -5.2373978793034759e-01, 5.9143237008944638e-02 ]
sample41: [ -1.0979997311558876e-01, -2.4043862210058720e-02,
    -2.6046114976572099e-01, -2.9613863673763774e-01 ]
sample42: [ -4.9015741074259989e-01, -3.4332104303101652e-01,
    -1.0502970642596043e+00, -6.5142051048422012e-01 ]
sample43: [ -5.8024206702268177e-01, -5.5617249691165505e-01,
    -2.6046114976572099e-01, -6.5142051048422012e-01 ]
sample44: [ -5.9752941848876695e-02, 1.8880759167057981e-01,
    -5.2373978793034759e-01, 5.9143237008944638e-02 ]
sample45: [ -8.4549133273625543e-01, -2.4043862210058720e-02,
    1.0559320410574191e+00, -1.3619842579773866e+00 ]
sample46: [ -2.7495517629573829e-01, -1.1947268585535706e+00,
    -1.0502970642596043e+00, 5.9143237008944638e-02 ]
sample47: [ -4.9516211386927100e-01, -8.7544967773261284e-01,
    -1.0502970642596043e+00, -6.5142051048422012e-01 ]
sample48: [ -1.1980937936893099e-01, -7.6902395079229358e-01,
    -2.6046114976572099e-01, 5.9143237008944638e-02 ]
sample49: [ -6.5531261392274942e-01, -1.8332812201954862e+00,
    -1.0502970642596043e+00, 5.9143237008944638e-02 ]
sample50: [ -6.2027969203605160e-01, -3.4332104303101652e-01,
    -2.6046114976572099e-01, -1.0067023842308043e+00 ]
sample51: [ -1.3359522391500329e+00, -4.4974676997133578e-01,
    2.8174883989073862e-03, -2.0725480054705514e+00 ]
sample52: [ 1.0039755820460172e-01, -5.5617249691165505e-01,
    -1.3135757024242327e+00, 1.4802707319952777e+00 ]
sample53: [ -1.5484230125562970e-01, -8.7544967773261284e-01,
    -1.0502970642596043e+00, 4.1442511075552879e-01 ]
sample54: [ -1.3982819187561635e-01, 8.2381864730260546e-02,
    2.8174883989073862e-03, 7.6970698450211117e-01 ]
sample55: [ 2.4375939183600508e+00, 2.3173221304769651e+00,
    1.3192106792220475e+00, 1.8355526057418601e+00 ]
sample56: [ 2.1473211370131224e+00, 2.1044706765963266e+00,
    1.5824893173866759e+00, 1.4802707319952777e+00 ]
sample57: [ -4.6012919198257318e-01, -7.6902395079229358e-01,
    -5.2373978793034759e-01, -6.5142051048422012e-01 ]
sample58: [ -2.3992225440904047e-01, -5.5617249691165505e-01,
    -7.8701842609497596e-01, 5.9143237008944638e-02 ]
sample59: [ -5.3019503575596971e-01, -5.5617249691165505e-01,
    -7.8701842609497596e-01, 5.9143237008944638e-02 ]
sample60: [ 5.9085846461837921e-01, 2.9523331861089908e-01,
    5.2937476472816414e-01, 5.9143237008944638e-02 ]
sample61: [ -6.9762348102218930e-02, 1.8880759167057981e-01,
    -2.6046114976572099e-01, 5.9143237008944638e-02 ]
sample62: [ -1.1908158484765679e+00, -6.6259822385197431e-01,
    2.8174883989073862e-03, -2.0725480054705514e+00 ]
sample63: [ 1.8170107306528234e+00, 1.8916192227156881e+00,
    1.8457679555513042e+00, 7.6970698450211117e-01 ]
sample64: [ -6.7533142642943478e-01, -4.4974676997133578e-01,
    -2.6046114976572099e-01, -6.5142051048422012e-01 ]
sample65: [ -4.1508686384253224e-01, 8.2381864730260546e-02,
    -2.6046114976572099e-01, -6.5142051048422012e-01 ]
sample66: [ -8.4048662960958431e-01, -4.4974676997133578e-01,
    -5.2373978793034759e-01, -1.3619842579773866e+00 ]
sample67: [ -4.9516211386927100e-01, -6.6259822385197431e-01,
    -5.2373978793034759e-01, 5.9143237008944638e-02 ]
sample68: [ -6.0526558265603736e-01, -3.4332104303101652e-01,
    -2.6046114976572099e-01, -1.3619842579773866e+00 ]
