%YAML:1.0
---
sample0: [ 20, 62, 727, 105 ]
sample1: [ 21, 200, 484, 41 ]
sample2: [ 15, 251, 196, 0 ]
sample3: [ 7, 435, 304, 41 ]
sample4: [ 13, 147, 497, 8 ]
sample5: [ 11, 137, 570, 27 ]
sample6: [ 10, 86, 569, 125 ]
sample7: [ 8, 100, 599, 63 ]
sample8: [ 17, 336, 405, 5 ]
sample9: [ 15, 526, 78, 0 ]
sample10: [ 9, 243, 603, 57 ]
sample11: [ 22, 471, 99, 0 ]
sample12: [ 21, 191, 430, 0 ]
sample13: [ 13, 490, 197, 0 ]
sample14: [ 5, 111, 986, 55 ]
sample15: [ 17, 29, 899, 28 ]
sample16: [ 19, 771, 262, 0 ]
sample17: [ 11, 303, 931, 0 ]
sample18: [ 11, 210, 502, 44 ]
sample19: [ 12, 380, 69, 0 ]
sample20: [ 18, 199, 479, 67 ]
sample21: [ 18, 462, 267, 67 ]
sample22: [ 17, 277, 223, 0 ]
sample23: [ 12, 121, 655, 8 ]
sample24: [ 18, 116, 630, 43 ]
sample25: [ 4, 626, 101, 25 ]
sample26: [ 20, 363, 158, 0 ]
sample27: [ 19, 289, 92, 0 ]
sample28: [ 11, 308, 395, 61 ]
sample29: [ 12, 469, 272, 0 ]
sample30: [ 9, 532, 155, 0 ]
sample31: [ 10, 227, 335, 0 ]
sample32: [ 9, 750, 0, 0 ]
sample33: [ 16, 303, 420, 0 ]
sample34: [ 17, 862, 33, 0 ]
sample35: [ 16, 614, 27, 0 ]
sample36: [ 4, 1404, 3, 0 ]
sample37: [ 23, 724, 81, 18 ]
sample38: [ 9, 323, 283, 9 ]
sample39: [ 7, 129, 1043, 0 ]
sample40: [ 23, 377, 246, 0 ]
sample41: [ 17, 96, 458, 0 ]
sample42: [ 11, 822, 83, 0 ]
sample43: [ 26, 334, 322, 0 ]
sample44: [ 11, 603, 202, 0 ]
sample45: [ 28, 102, 539, 27 ]
sample46: [ 16, 505, 283, 30 ]
sample47: [ 15, 360, 314, 0 ]
sample48: [ 22, 396, 226, 1 ]
sample49: [ 7, 800, 56, 0 ]
sample50: [ 15, 483, 260, 54 ]
sample51: [ 16, 118, 241, 0 ]
sample52: [ 14, 563, 150, 0 ]
sample53: [ 18, 608, 51, 0 ]
sample54: [ 16, 199, 367, 0 ]
sample55: [ 29, 976, 156, 0 ]
sample56: [ 5, 726, 106, 0 ]
sample57: [ 8, 791, 75, 0 ]
sample58: [ 14, 390, 219, 18 ]
sample59: [ 13, 750, 67, 7 ]
sample60: [ 11, 488, 234, 0 ]
sample61: [ 14, 644, 4, 0 ]
sample62: [ 11, 391, 209, 67 ]
sample63: [ 19, 1009, 100, 0 ]
sample64: [ 17, 409, 200, 0 ]
sample65: [ 18, 558, 135, 0 ]
sample66: [ 19, 344, 118, 0 ]
sample67: [ 16, 684, 48, 8 ]
sample68: [ 23, 788, 79, 0 ]
sample69: [ 24, 740, 19, 0 ]
sample70: [ 11, 711, 81, 21 ]
sample71: [ 21, 470, 195, 0 ]
sample72: [ 13, 609, 96, 0 ]
sample73: [ 4, 1207, 50, 0 ]
sample74: [ 21, 461, 128, 0 ]
sample75: [ 6, 727, 186, 0 ]
sample76: [ 15, 400, 476, 0 ]
sample77: [ 25, 733, 213, 0 ]
sample78: [ 6, 377, 340, 0 ]
sample79: [ 22, 501, 146, 0 ]
sample80: [ 13, 613, 243, 46 ]
sample81: [ 11, 705, 58, 0 ]
sample82: [ 15, 578, 310, 40 ]
sample83: [ 18, 241, 472, 0 ]
sample84: [ 12, 526, 175, 25 ]
sample85: [ 9, 416, 452, 0 ]
sample86: [ 13, 29, 788, 70 ]
sample87: [ 10, 276, 514, 0 ]
sample88: [ 13, 571, 80, 21 ]
sample89: [ 14, 674, 114, 0 ]
sample90: [ 19, 35, 699, 38 ]
sample91: [ 26, 647, 79, 0 ]
sample92: [ 18, 83, 662, 100 ]
sample93: [ 13, 287, 424, 6 ]
sample94: [ 25, 444, 340, 0 ]
sample95: [ 18, 134, 704, 35 ]
sample96: [ 13, 49, 746, 60 ]
sample97: [ 15, 101, 559, 0 ]
sample98: [ 15, 34, 639, 0 ]
sample99: [ 17, 85, 592, 28 ]
sample100: [ 16, 177, 664, 28 ]
sample101: [ 13, 290, 460, 0 ]
sample102: [ 15, 394, 398, 0 ]
sample103: [ 18, 249, 746, 0 ]
sample104: [ 21, 202, 663, 0 ]
sample105: [ 10, 173, 543, 1 ]
sample106: [ 12, 123, 808, 154 ]
sample107: [ 12, 59, 619, 2 ]
sample108: [ 10, 146, 515, 76 ]
sample109: [ 26, 551, 166, 0 ]
sample110: [ 22, 217, 751, 0 ]
sample111: [ 10, 446, 694, 0 ]
sample112: [ 2, 746, 130, 29 ]
sample113: [ 16, 95, 582, 115 ]
sample114: [ 15, 146, 583, 44 ]
sample115: [ 15, 304, 437, 21 ]
sample116: [ 18, 84, 1108, 39 ]
sample117: [ 9, 42, 937, 0 ]
sample118: [ 16, 395, 249, 24 ]
sample119: [ 28, 503, 261, 0 ]
sample120: [ 11, 65, 725, 39 ]
sample121: [ 19, 33, 767, 0 ]
sample122: [ 26, 204, 497, 0 ]
sample123: [ 16, 40, 664, 57 ]
sample124: [ 23, 268, 256, 38 ]
sample125: [ 27, 491, 244, 4 ]
sample126: [ 21, 444, 650, 36 ]
sample127: [ 13, 163, 418, 9 ]
sample128: [ 15, 241, 344, 0 ]
sample129: [ 26, 46, 656, 265 ]
sample130: [ 12, 387, 368, 0 ]
sample131: [ 11, 105, 700, 53 ]
sample132: [ 15, 535, 268, 34 ]
sample133: [ 14, 306, 293, 107 ]
sample134: [ 6, 110, 911, 0 ]
sample135: [ 14, 124, 677, 99 ]
sample136: [ 28, 100, 387, 32 ]
sample137: [ 13, 319, 298, 30 ]
sample138: [ 11, 223, 781, 10 ]
sample139: [ 9, 626, 401, 0 ]
sample140: [ 18, 267, 425, 0 ]
sample141: [ 22, 122, 532, 75 ]
sample142: [ 18, 70, 1166, 34 ]
sample143: [ 19, 218, 471, 11 ]
sample144: [ 18, 43, 862, 3 ]
sample145: [ 17, 100, 450, 4 ]
sample146: [ 20, 235, 573, 81 ]
sample147: [ 7, 922, 57, 0 ]
sample148: [ 9, 279, 437, 4 ]
sample149: [ 9, 416, 341, 47 ]
sample150: [ 24, 262, 514, 37 ]
sample151: [ 13, 656, 55, 0 ]
sample152: [ 20, 359, 405, 2 ]
sample153: [ 18, 82, 642, 0 ]
sample154: [ 30, 46, 742, 10 ]
sample155: [ 14, 166, 411, 11 ]
sample156: [ 17, 37, 626, 43 ]
sample157: [ 21, 541, 163, 0 ]
sample158: [ 13, 300, 261, 0 ]
sample159: [ 12, 547, 328, 14 ]
sample160: [ 9, 204, 374, 2 ]
sample161: [ 12, 244, 311, 64 ]
sample162: [ 9, 530, 181, 0 ]
sample163: [ 23, 806, 77, 0 ]
sample164: [ 16, 395, 416, 0 ]
sample165: [ 17, 265, 318, 0 ]
sample166: [ 15, 502, 179, 28 ]
sample167: [ 20, 343, 442, 7 ]
sample168: [ 17, 74, 530, 56 ]
sample169: [ 19, 183, 211, 44 ]
sample170: [ 16, 284, 534, 46 ]
sample171: [ 9, 383, 169, 0 ]
sample172: [ 15, 502, 145, 0 ]
sample173: [ 18, 460, 206, 0 ]
sample174: [ 16, 617, 139, 0 ]
sample175: [ 24, 129, 724, 0 ]
sample176: [ 10, 167, 951, 75 ]
sample177: [ 21, 266, 281, 4 ]
sample178: [ 8, 263, 369, 75 ]
sample179: [ 6, 811, 70, 0 ]
sample180: [ 20, 474, 203, 0 ]
sample181: [ 9, 65, 697, 34 ]
sample182: [ 7, 143, 1114, 0 ]
sample183: [ 9, 133, 678, 43 ]
sample184: [ 11, 99, 791, 0 ]
sample185: [ 20, 291, 342, 55 ]
sample186: [ 17, 754, 119, 0 ]
sample187: [ 0, 453, 279, 0 ]
sample188: [ 19, 391, 274, 0 ]
sample189: [ 18, 170, 514, 13 ]
sample190: [ 13, 93, 561, 0 ]
sample191: [ 18, 531, 326, 0 ]
sample192: [ 17, 399, 261, 27 ]
sample193: [ 11, 1060, 111, 0 ]
sample194: [ 16, 433, 269, 8 ]
sample195: [ 25, 741, 62, 5 ]
sample196: [ 12, 451, 199, 0 ]
sample197: [ 12, 777, 42, 0 ]
sample198: [ 7, 339, 381, 0 ]
sample199: [ 10, 613, 77, 0 ]
sample200: [ 15, 824, 80, 0 ]
sample201: [ 10, 244, 213, 0 ]
sample202: [ 18, 649, 79, 0 ]
sample203: [ 19, 267, 156, 15 ]
sample204: [ 23, 417, 202, 0 ]
sample205: [ 17, 607, 26, 0 ]
sample206: [ 13, 416, 373, 0 ]
sample207: [ 4, 624, 145, 1 ]
sample208: [ 13, 980, 13, 0 ]
sample209: [ 12, 1031, 96, 51 ]
sample210: [ 20, 574, 181, 0 ]
sample211: [ 11, 778, 116, 0 ]
sample212: [ 9, 622, 190, 6 ]
sample213: [ 5, 407, 287, 0 ]
sample214: [ 12, 586, 151, 6 ]
sample215: [ 19, 921, 1, 0 ]
sample216: [ 16, 479, 182, 0 ]
sample217: [ 23, 885, 203, 0 ]
sample218: [ 20, 107, 643, 14 ]
sample219: [ 18, 543, 102, 0 ]
sample220: [ 17, 1262, 20, 0 ]
sample221: [ 17, 735, 29, 0 ]
sample222: [ 12, 191, 414, 0 ]
sample223: [ 13, 590, 87, 0 ]
sample224: [ 14, 279, 500, 9 ]
sample225: [ 24, 557, 232, 0 ]
sample226: [ 32, 446, 251, 13 ]
sample227: [ 15, 413, 372, 50 ]
sample228: [ 15, 808, 89, 0 ]
sample229: [ 20, 1166, 64, 31 ]
sample230: [ 17, 592, 467, 36 ]
sample231: [ 13, 606, 453, 0 ]
sample232: [ 17, 497, 180, 7 ]
sample233: [ 15, 525, 115, 15 ]
sample234: [ 8, 531, 150, 0 ]
sample235: [ 16, 420, 203, 0 ]
sample236: [ 17, 727, 45, 0 ]
sample237: [ 6, 1225, 50, 0 ]
sample238: [ 19, 688, 10, 0 ]
sample239: [ 16, 383, 322, 10 ]
sample240: [ 16, 178, 559, 1 ]
sample241: [ 14, 822, 86, 0 ]
sample242: [ 6, 428, 283, 48 ]
sample243: [ 21, 127, 574, 33 ]
sample244: [ 9, 596, 384, 0 ]
sample245: [ 22, 619, 156, 12 ]
sample246: [ 19, 446, 305, 20 ]
sample247: [ 13, 479, 284, 39 ]
sample248: [ 30, 325, 691, 89 ]
sample249: [ 19, 251, 375, 17 ]
sample250: [ 9, 872, 143, 0 ]
sample251: [ 13, 200, 476, 0 ]
sample252: [ 19, 323, 471, 0 ]
sample253: [ 15, 263, 512, 25 ]
sample254: [ 37, 551, 203, 0 ]
sample255: [ 26, 287, 309, 84 ]
sample256: [ 18, 285, 487, 0 ]
sample257: [ 13, 344, 352, 4 ]
sample258: [ 13, 344, 109, 1 ]
sample259: [ 6, 76, 590, 21 ]
sample260: [ 18, 293, 293, 11 ]
