%YAML:1.0
---
sample0: [ 21, 124, 146, 660 ]
sample1: [ 19, 75, 61, 987 ]
sample2: [ 23, 138, 471, 13 ]
sample3: [ 20, 56, 630, 77 ]
sample4: [ 7, 387, 311, 50 ]
sample5: [ 6, 63, 311, 411 ]
sample6: [ 23, 90, 442, 500 ]
sample7: [ 20, 293, 455, 173 ]
sample8: [ 6, 674, 562, 0 ]
sample9: [ 17, 76, 253, 658 ]
sample10: [ 27, 385, 393, 79 ]
sample11: [ 11, 664, 102, 220 ]
sample12: [ 11, 679, 263, 0 ]
sample13: [ 17, 228, 127, 224 ]
sample14: [ 21, 56, 156, 1012 ]
sample15: [ 15, 676, 208, 27 ]
sample16: [ 15, 337, 371, 90 ]
sample17: [ 6, 158, 426, 485 ]
sample18: [ 18, 58, 237, 666 ]
sample19: [ 18, 378, 382, 21 ]
sample20: [ 20, 444, 257, 3 ]
sample21: [ 13, 203, 164, 498 ]
sample22: [ 21, 153, 263, 161 ]
sample23: [ 21, 163, 325, 317 ]
sample24: [ 15, 611, 159, 56 ]
sample25: [ 25, 584, 176, 0 ]
sample26: [ 8, 339, 323, 44 ]
sample27: [ 20, 37, 146, 739 ]
sample28: [ 29, 47, 174, 879 ]
sample29: [ 16, 334, 443, 0 ]
sample30: [ 25, 116, 209, 648 ]
sample31: [ 41, 457, 489, 383 ]
sample32: [ 17, 55, 322, 450 ]
sample33: [ 20, 206, 215, 372 ]
sample34: [ 14, 526, 220, 39 ]
sample35: [ 15, 398, 715, 0 ]
sample36: [ 11, 375, 320, 119 ]
sample37: [ 11, 319, 444, 335 ]
sample38: [ 15, 303, 189, 333 ]
sample39: [ 11, 564, 348, 39 ]
sample40: [ 17, 151, 695, 75 ]
sample41: [ 19, 63, 272, 643 ]
sample42: [ 8, 205, 358, 255 ]
sample43: [ 17, 45, 143, 908 ]
sample44: [ 9, 540, 299, 44 ]
sample45: [ 27, 71, 141, 900 ]
sample46: [ 22, 162, 277, 358 ]
sample47: [ 15, 189, 373, 159 ]
sample48: [ 23, 144, 145, 690 ]
sample49: [ 21, 231, 559, 206 ]
sample50: [ 21, 296, 536, 262 ]
sample51: [ 3, 255, 352, 480 ]
sample52: [ 13, 153, 260, 424 ]
sample53: [ 23, 53, 147, 648 ]
sample54: [ 9, 237, 318, 262 ]
sample55: [ 14, 241, 411, 64 ]
sample56: [ 13, 96, 432, 458 ]
sample57: [ 14, 148, 156, 617 ]
sample58: [ 4, 49, 107, 800 ]
sample59: [ 14, 130, 235, 474 ]
sample60: [ 11, 367, 182, 233 ]
sample61: [ 14, 175, 141, 594 ]
sample62: [ 20, 213, 468, 268 ]
sample63: [ 7, 327, 223, 483 ]
sample64: [ 21, 76, 87, 756 ]
sample65: [ 4, 351, 489, 161 ]
sample66: [ 29, 112, 269, 474 ]
sample67: [ 24, 480, 274, 159 ]
sample68: [ 10, 240, 383, 104 ]
sample69: [ 8, 30, 137, 699 ]
sample70: [ 14, 709, 83, 2 ]
sample71: [ 15, 49, 55, 645 ]
sample72: [ 22, 61, 104, 569 ]
sample73: [ 22, 124, 335, 499 ]
sample74: [ 15, 27, 182, 798 ]
sample75: [ 20, 196, 283, 289 ]
sample76: [ 5, 382, 96, 585 ]
sample77: [ 6, 366, 417, 542 ]
sample78: [ 20, 29, 510, 386 ]
sample79: [ 15, 51, 146, 727 ]
sample80: [ 16, 321, 332, 174 ]
sample81: [ 16, 102, 141, 841 ]
sample82: [ 10, 371, 145, 258 ]
sample83: [ 27, 88, 643, 505 ]
sample84: [ 15, 97, 657, 140 ]
sample85: [ 5, 149, 82, 678 ]
sample86: [ 17, 93, 628, 187 ]
sample87: [ 15, 401, 128, 316 ]
sample88: [ 11, 96, 191, 680 ]
sample89: [ 22, 165, 644, 111 ]
sample90: [ 12, 120, 581, 213 ]
sample91: [ 12, 46, 419, 485 ]
sample92: [ 17, 54, 184, 931 ]
sample93: [ 20, 63, 281, 706 ]
sample94: [ 17, 68, 464, 310 ]
sample95: [ 17, 58, 71, 852 ]
sample96: [ 18, 124, 550, 211 ]
sample97: [ 7, 91, 174, 961 ]
sample98: [ 8, 205, 463, 653 ]
sample99: [ 13, 266, 230, 497 ]
sample100: [ 12, 42, 386, 618 ]
sample101: [ 22, 50, 264, 593 ]
sample102: [ 9, 37, 361, 597 ]
sample103: [ 20, 591, 177, 194 ]
sample104: [ 18, 53, 661, 239 ]
sample105: [ 13, 241, 396, 144 ]
sample106: [ 12, 194, 393, 256 ]
sample107: [ 30, 971, 198, 352 ]
sample108: [ 25, 472, 163, 120 ]
sample109: [ 18, 204, 642, 64 ]
sample110: [ 14, 48, 119, 892 ]
sample111: [ 15, 86, 447, 394 ]
sample112: [ 21, 40, 121, 843 ]
sample113: [ 22, 259, 219, 238 ]
sample114: [ 4, 253, 270, 722 ]
sample115: [ 15, 465, 120, 201 ]
sample116: [ 4, 721, 228, 239 ]
sample117: [ 18, 419, 324, 103 ]
sample118: [ 12, 243, 375, 235 ]
sample119: [ 21, 63, 179, 761 ]
sample120: [ 18, 73, 453, 400 ]
sample121: [ 3, 73, 111, 944 ]
sample122: [ 8, 123, 470, 249 ]
sample123: [ 9, 336, 290, 149 ]
sample124: [ 33, 398, 160, 393 ]
sample125: [ 13, 166, 397, 378 ]
sample126: [ 9, 293, 810, 129 ]
sample127: [ 37, 389, 158, 182 ]
sample128: [ 13, 86, 343, 263 ]
sample129: [ 18, 564, 151, 110 ]
sample130: [ 22, 100, 415, 268 ]
sample131: [ 13, 83, 502, 295 ]
sample132: [ 16, 93, 424, 358 ]
sample133: [ 14, 171, 104, 618 ]
sample134: [ 10, 51, 314, 441 ]
sample135: [ 11, 174, 212, 574 ]
sample136: [ 20, 198, 191, 492 ]
sample137: [ 5, 148, 421, 158 ]
sample138: [ 36, 155, 351, 379 ]
sample139: [ 22, 75, 86, 639 ]
sample140: [ 16, 494, 203, 307 ]
sample141: [ 23, 208, 133, 585 ]
sample142: [ 14, 433, 94, 238 ]
sample143: [ 12, 249, 129, 461 ]
sample144: [ 15, 242, 213, 588 ]
sample145: [ 12, 129, 546, 305 ]
sample146: [ 15, 310, 326, 232 ]
sample147: [ 10, 140, 223, 629 ]
sample148: [ 36, 361, 631, 491 ]
sample149: [ 16, 76, 524, 353 ]
sample150: [ 13, 116, 504, 390 ]
sample151: [ 26, 259, 185, 262 ]
sample152: [ 13, 55, 474, 299 ]
sample153: [ 22, 202, 312, 555 ]
sample154: [ 24, 162, 117, 610 ]
sample155: [ 24, 88, 227, 590 ]
sample156: [ 15, 264, 204, 161 ]
sample157: [ 27, 210, 388, 478 ]
sample158: [ 15, 93, 459, 345 ]
sample159: [ 11, 133, 523, 306 ]
sample160: [ 18, 48, 558, 388 ]
sample161: [ 20, 120, 123, 620 ]
sample162: [ 12, 138, 303, 209 ]
sample163: [ 23, 96, 700, 202 ]
sample164: [ 15, 82, 441, 429 ]
sample165: [ 21, 36, 313, 421 ]
sample166: [ 5, 159, 135, 421 ]
sample167: [ 19, 126, 476, 429 ]
sample168: [ 12, 217, 571, 31 ]
sample169: [ 14, 131, 286, 490 ]
sample170: [ 28, 51, 121, 519 ]
sample171: [ 45, 475, 254, 325 ]
sample172: [ 25, 229, 123, 719 ]
sample173: [ 29, 45, 189, 1043 ]
sample174: [ 14, 87, 440, 312 ]
sample175: [ 12, 94, 374, 468 ]
sample176: [ 9, 52, 663, 316 ]
sample177: [ 6, 305, 357, 600 ]
sample178: [ 19, 137, 300, 274 ]
sample179: [ 17, 73, 517, 244 ]
sample180: [ 8, 160, 634, 699 ]
sample181: [ 24, 36, 78, 660 ]
sample182: [ 0, 179, 185, 725 ]
sample183: [ 13, 61, 655, 239 ]
sample184: [ 8, 53, 445, 499 ]
sample185: [ 5, 121, 178, 655 ]
sample186: [ 10, 109, 279, 357 ]
sample187: [ 21, 56, 292, 349 ]
sample188: [ 15, 65, 320, 609 ]
sample189: [ 19, 78, 679, 140 ]
sample190: [ 25, 252, 218, 119 ]
sample191: [ 4, 39, 414, 630 ]
sample192: [ 8, 110, 536, 230 ]
sample193: [ 12, 378, 387, 167 ]
sample194: [ 7, 65, 1025, 100 ]
sample195: [ 18, 51, 540, 279 ]
sample196: [ 12, 447, 146, 243 ]
sample197: [ 9, 419, 63, 232 ]
sample198: [ 8, 92, 343, 512 ]
sample199: [ 18, 82, 257, 645 ]
sample200: [ 17, 380, 293, 90 ]
sample201: [ 10, 221, 322, 352 ]
sample202: [ 27, 50, 242, 762 ]
sample203: [ 9, 316, 489, 39 ]
sample204: [ 28, 374, 447, 68 ]
sample205: [ 30, 42, 319, 589 ]
sample206: [ 13, 51, 55, 788 ]
sample207: [ 13, 273, 123, 770 ]
sample208: [ 34, 33, 223, 424 ]
sample209: [ 26, 50, 568, 145 ]
sample210: [ 28, 133, 487, 269 ]
sample211: [ 15, 90, 398, 279 ]
sample212: [ 18, 47, 288, 576 ]
sample213: [ 11, 184, 527, 193 ]
sample214: [ 13, 831, 71, 217 ]
sample215: [ 1, 445, 374, 313 ]
sample216: [ 19, 158, 487, 361 ]
sample217: [ 22, 245, 366, 286 ]
sample218: [ 19, 380, 311, 154 ]
sample219: [ 18, 86, 361, 278 ]
sample220: [ 21, 62, 556, 351 ]
sample221: [ 11, 327, 310, 285 ]
sample222: [ 16, 49, 600, 129 ]
sample223: [ 15, 220, 264, 316 ]
sample224: [ 12, 70, 256, 714 ]
sample225: [ 20, 268, 185, 467 ]
sample226: [ 17, 145, 400, 260 ]
sample227: [ 13, 129, 652, 159 ]
sample228: [ 19, 101, 474, 200 ]
sample229: [ 11, 200, 565, 137 ]
sample230: [ 28, 215, 244, 167 ]
sample231: [ 25, 46, 63, 967 ]
sample232: [ 21, 254, 263, 218 ]
sample233: [ 4, 129, 663, 79 ]
sample234: [ 13, 95, 292, 459 ]
sample235: [ 24, 150, 386, 373 ]
sample236: [ 20, 68, 174, 736 ]
sample237: [ 26, 115, 206, 535 ]
sample238: [ 11, 114, 200, 482 ]
sample239: [ 13, 508, 212, 130 ]
sample240: [ 11, 70, 141, 1766 ]
sample241: [ 6, 339, 150, 454 ]
sample242: [ 18, 247, 553, 9 ]
sample243: [ 13, 355, 349, 248 ]
sample244: [ 20, 190, 146, 988 ]
sample245: [ 30, 102, 166, 656 ]
sample246: [ 8, 180, 619, 286 ]
sample247: [ 17, 53, 813, 94 ]
sample248: [ 17, 461, 310, 87 ]
sample249: [ 8, 552, 365, 189 ]
