%YAML:1.0
---
sample0: [ 10, 53, 130, 711 ]
sample1: [ 17, 42, 441, 538 ]
sample2: [ 17, 23, 452, 449 ]
sample3: [ 12, 39, 352, 596 ]
sample4: [ 15, 401, 791, 145 ]
sample5: [ 20, 31, 131, 520 ]
sample6: [ 21, 46, 461, 543 ]
sample7: [ 14, 27, 42, 483 ]
sample8: [ 21, 150, 187, 698 ]
sample9: [ 8, 35, 92, 493 ]
sample10: [ 18, 24, 107, 910 ]
sample11: [ 32, 59, 790, 139 ]
sample12: [ 21, 30, 254, 686 ]
sample13: [ 6, 118, 688, 305 ]
sample14: [ 9, 25, 686, 567 ]
sample15: [ 14, 45, 49, 668 ]
sample16: [ 12, 34, 323, 566 ]
sample17: [ 20, 42, 291, 811 ]
sample18: [ 10, 57, 535, 1024 ]
sample19: [ 7, 55, 87, 728 ]
sample20: [ 20, 40, 558, 408 ]
sample21: [ 24, 24, 98, 677 ]
sample22: [ 13, 217, 151, 0 ]
sample23: [ 22, 871, 87, 6 ]
sample24: [ 5, 385, 469, 37 ]
sample25: [ 14, 23, 397, 486 ]
sample26: [ 22, 49, 67, 703 ]
sample27: [ 12, 20, 381, 468 ]
sample28: [ 27, 36, 386, 648 ]
sample29: [ 1, 249, 551, 0 ]
sample30: [ 15, 34, 115, 732 ]
sample31: [ 3, 25, 109, 939 ]
sample32: [ 13, 827, 161, 0 ]
sample33: [ 6, 44, 91, 732 ]
sample34: [ 6, 533, 499, 50 ]
sample35: [ 17, 88, 401, 863 ]
sample36: [ 8, 450, 563, 212 ]
sample37: [ 11, 52, 745, 64 ]
sample38: [ 10, 383, 155, 0 ]
sample39: [ 11, 34, 672, 349 ]
sample40: [ 0, 442, 239, 0 ]
sample41: [ 9, 84, 534, 132 ]
sample42: [ 9, 39, 434, 753 ]
sample43: [ 10, 32, 680, 248 ]
sample44: [ 5, 65, 503, 969 ]
sample45: [ 11, 100, 588, 319 ]
sample46: [ 6, 34, 678, 648 ]
sample47: [ 11, 105, 586, 683 ]
sample48: [ 13, 165, 597, 519 ]
sample49: [ 20, 183, 606, 37 ]
sample50: [ 21, 543, 166, 46 ]
sample51: [ 22, 39, 159, 1102 ]
sample52: [ 16, 102, 838, 14 ]
sample53: [ 3, 31, 261, 685 ]
sample54: [ 20, 79, 783, 9 ]
sample55: [ 24, 265, 478, 70 ]
sample56: [ 24, 434, 297, 0 ]
sample57: [ 10, 112, 1064, 0 ]
sample58: [ 12, 36, 58, 736 ]
sample59: [ 19, 971, 47, 0 ]
sample60: [ 17, 35, 442, 658 ]
sample61: [ 15, 681, 187, 72 ]
sample62: [ 13, 27, 40, 583 ]
sample63: [ 13, 97, 791, 0 ]
sample64: [ 21, 58, 739, 785 ]
sample65: [ 13, 286, 341, 29 ]
sample66: [ 17, 875, 61, 4 ]
sample67: [ 19, 139, 258, 0 ]
sample68: [ 14, 57, 265, 887 ]
sample69: [ 20, 38, 33, 1075 ]
sample70: [ 9, 140, 452, 207 ]
sample71: [ 7, 152, 656, 0 ]
sample72: [ 15, 41, 766, 196 ]
sample73: [ 15, 412, 209, 36 ]
sample74: [ 29, 233, 396, 0 ]
sample75: [ 28, 163, 660, 0 ]
sample76: [ 7, 41, 291, 1257 ]
sample77: [ 10, 256, 241, 366 ]
sample78: [ 12, 146, 504, 81 ]
sample79: [ 1, 87, 219, 1177 ]
sample80: [ 29, 282, 237, 319 ]
sample81: [ 17, 35, 726, 17 ]
sample82: [ 18, 56, 582, 442 ]
sample83: [ 10, 63, 186, 1177 ]
sample84: [ 0, 44, 727, 145 ]
sample85: [ 15, 38, 108, 917 ]
sample86: [ 16, 27, 444, 411 ]
sample87: [ 16, 67, 434, 0 ]
sample88: [ 16, 96, 542, 175 ]
sample89: [ 18, 57, 415, 346 ]
sample90: [ 21, 40, 769, 303 ]
sample91: [ 24, 79, 601, 23 ]
sample92: [ 19, 248, 426, 0 ]
sample93: [ 17, 46, 256, 950 ]
sample94: [ 13, 35, 484, 304 ]
sample95: [ 17, 33, 65, 785 ]
sample96: [ 23, 19, 61, 1078 ]
sample97: [ 22, 36, 126, 822 ]
sample98: [ 20, 62, 609, 879 ]
sample99: [ 15, 37, 59, 611 ]
sample100: [ 14, 78, 506, 423 ]
sample101: [ 22, 46, 180, 717 ]
sample102: [ 26, 40, 389, 697 ]
sample103: [ 35, 56, 88, 871 ]
sample104: [ 21, 41, 96, 562 ]
sample105: [ 19, 41, 536, 674 ]
sample106: [ 8, 479, 194, 295 ]
sample107: [ 25, 37, 553, 217 ]
sample108: [ 11, 610, 130, 14 ]
sample109: [ 20, 510, 112, 0 ]
sample110: [ 23, 463, 334, 0 ]
sample111: [ 21, 904, 57, 31 ]
sample112: [ 18, 70, 675, 35 ]
sample113: [ 11, 763, 116, 0 ]
sample114: [ 4, 673, 316, 0 ]
sample115: [ 20, 601, 90, 3 ]
sample116: [ 18, 112, 528, 0 ]
sample117: [ 22, 754, 95, 0 ]
sample118: [ 20, 142, 545, 0 ]
sample119: [ 15, 551, 220, 0 ]
sample120: [ 26, 186, 855, 35 ]
sample121: [ 23, 482, 179, 0 ]
sample122: [ 12, 905, 15, 0 ]
sample123: [ 16, 490, 44, 0 ]
sample124: [ 17, 827, 55, 0 ]
sample125: [ 13, 116, 710, 31 ]
sample126: [ 21, 776, 68, 0 ]
sample127: [ 20, 115, 539, 24 ]
sample128: [ 20, 365, 164, 0 ]
sample129: [ 19, 508, 268, 0 ]
sample130: [ 11, 1117, 7, 0 ]
sample131: [ 14, 778, 25, 0 ]
sample132: [ 22, 462, 75, 0 ]
sample133: [ 4, 428, 329, 6 ]
sample134: [ 20, 396, 315, 0 ]
sample135: [ 6, 1013, 1, 0 ]
sample136: [ 27, 1093, 0, 0 ]
sample137: [ 25, 645, 261, 0 ]
sample138: [ 31, 492, 293, 7 ]
sample139: [ 13, 1021, 0, 0 ]
sample140: [ 24, 688, 75, 39 ]
sample141: [ 25, 858, 0, 0 ]
sample142: [ 23, 275, 266, 0 ]
sample143: [ 15, 1228, 6, 0 ]
sample144: [ 22, 792, 0, 0 ]
sample145: [ 15, 236, 363, 4 ]
sample146: [ 15, 226, 429, 18 ]
sample147: [ 14, 105, 457, 0 ]
sample148: [ 15, 207, 472, 31 ]
sample149: [ 18, 421, 190, 0 ]
sample150: [ 23, 391, 338, 9 ]
sample151: [ 13, 261, 408, 25 ]
sample152: [ 25, 537, 288, 0 ]
sample153: [ 16, 53, 863, 28 ]
sample154: [ 17, 621, 436, 0 ]
sample155: [ 11, 982, 42, 0 ]
sample156: [ 11, 454, 314, 0 ]
sample157: [ 22, 320, 858, 0 ]
sample158: [ 27, 500, 113, 0 ]
sample159: [ 18, 1214, 117, 19 ]
count: 160
