%YAML:1.0
---
sample0: [ 11, 411, 42, 0 ]
sample1: [ 18, 399, 108, 0 ]
sample2: [ 23, 505, 144, 1 ]
sample3: [ 19, 507, 134, 0 ]
sample4: [ 8, 1216, 55, 10 ]
sample5: [ 17, 828, 71, 0 ]
sample6: [ 14, 476, 385, 0 ]
sample7: [ 18, 559, 121, 17 ]
sample8: [ 16, 839, 183, 0 ]
sample9: [ 10, 322, 622, 0 ]
sample10: [ 14, 1058, 231, 0 ]
sample11: [ 12, 779, 117, 0 ]
sample12: [ 16, 890, 0, 0 ]
sample13: [ 17, 279, 316, 0 ]
sample14: [ 22, 611, 99, 16 ]
sample15: [ 13, 695, 153, 28 ]
sample16: [ 12, 292, 291, 0 ]
sample17: [ 16, 508, 194, 0 ]
sample18: [ 25, 700, 35, 0 ]
sample19: [ 10, 437, 169, 29 ]
sample20: [ 4, 1147, 0, 0 ]
sample21: [ 45, 1001, 69, 0 ]
sample22: [ 20, 577, 106, 42 ]
sample23: [ 2, 156, 597, 14 ]
sample24: [ 17, 147, 403, 0 ]
sample25: [ 22, 273, 391, 0 ]
sample26: [ 14, 403, 298, 41 ]
sample27: [ 13, 217, 151, 0 ]
sample28: [ 22, 871, 87, 6 ]
sample29: [ 14, 798, 132, 0 ]
sample30: [ 19, 614, 315, 31 ]
sample31: [ 11, 468, 121, 90 ]
sample32: [ 17, 86, 582, 0 ]
sample33: [ 21, 863, 5, 0 ]
sample34: [ 1, 249, 551, 0 ]
sample35: [ 19, 553, 168, 0 ]
sample36: [ 34, 252, 483, 0 ]
sample37: [ 13, 827, 161, 0 ]
sample38: [ 10, 218, 341, 0 ]
sample39: [ 6, 533, 499, 50 ]
sample40: [ 16, 817, 41, 0 ]
sample41: [ 15, 696, 40, 0 ]
sample42: [ 11, 52, 745, 64 ]
sample43: [ 10, 383, 155, 0 ]
sample44: [ 10, 426, 335, 49 ]
sample45: [ 0, 442, 239, 0 ]
sample46: [ 11, 326, 294, 17 ]
sample47: [ 16, 396, 344, 21 ]
sample48: [ 3, 454, 176, 16 ]
sample49: [ 18, 90, 471, 5 ]
sample50: [ 15, 49, 693, 17 ]
sample51: [ 15, 134, 527, 0 ]
sample52: [ 16, 692, 140, 69 ]
sample53: [ 34, 432, 262, 0 ]
sample54: [ 20, 183, 606, 37 ]
sample55: [ 21, 543, 166, 46 ]
sample56: [ 11, 382, 143, 39 ]
sample57: [ 16, 102, 838, 14 ]
sample58: [ 17, 382, 203, 48 ]
sample59: [ 20, 79, 783, 9 ]
sample60: [ 24, 265, 478, 70 ]
sample61: [ 24, 434, 297, 0 ]
sample62: [ 10, 112, 1064, 0 ]
sample63: [ 0, 372, 435, 70 ]
sample64: [ 19, 971, 47, 0 ]
sample65: [ 18, 55, 614, 98 ]
sample66: [ 15, 681, 187, 72 ]
sample67: [ 17, 295, 192, 57 ]
sample68: [ 13, 97, 791, 0 ]
sample69: [ 12, 86, 1047, 108 ]
sample70: [ 13, 286, 341, 29 ]
sample71: [ 17, 875, 61, 4 ]
sample72: [ 19, 139, 258, 0 ]
sample73: [ 14, 44, 538, 213 ]
sample74: [ 18, 102, 641, 22 ]
sample75: [ 9, 841, 82, 0 ]
sample76: [ 7, 152, 656, 0 ]
sample77: [ 20, 540, 97, 62 ]
sample78: [ 15, 412, 209, 36 ]
sample79: [ 29, 233, 396, 0 ]
sample80: [ 28, 163, 660, 0 ]
sample81: [ 16, 56, 1041, 4 ]
sample82: [ 18, 338, 247, 0 ]
sample83: [ 12, 146, 504, 81 ]
sample84: [ 10, 322, 458, 63 ]
sample85: [ 17, 35, 726, 17 ]
sample86: [ 15, 330, 592, 24 ]
sample87: [ 4, 296, 786, 32 ]
sample88: [ 0, 44, 727, 145 ]
sample89: [ 8, 57, 574, 1 ]
sample90: [ 6, 185, 758, 30 ]
sample91: [ 16, 67, 434, 0 ]
sample92: [ 19, 40, 1004, 15 ]
sample93: [ 20, 186, 528, 0 ]
sample94: [ 13, 148, 615, 0 ]
sample95: [ 24, 79, 601, 23 ]
sample96: [ 14, 128, 649, 0 ]
sample97: [ 19, 235, 396, 31 ]
sample98: [ 12, 162, 825, 10 ]
sample99: [ 15, 271, 444, 0 ]
sample100: [ 8, 360, 366, 0 ]
sample101: [ 6, 60, 584, 115 ]
sample102: [ 6, 80, 419, 161 ]
sample103: [ 28, 305, 401, 59 ]
sample104: [ 14, 317, 307, 98 ]
sample105: [ 11, 122, 796, 67 ]
sample106: [ 33, 52, 750, 40 ]
sample107: [ 15, 66, 758, 67 ]
sample108: [ 12, 122, 713, 63 ]
sample109: [ 14, 71, 966, 6 ]
sample110: [ 16, 214, 724, 6 ]
sample111: [ 15, 309, 515, 0 ]
sample112: [ 25, 167, 176, 41 ]
sample113: [ 15, 81, 729, 80 ]
sample114: [ 21, 280, 251, 25 ]
sample115: [ 13, 68, 985, 63 ]
sample116: [ 30, 59, 484, 59 ]
sample117: [ 14, 70, 590, 61 ]
sample118: [ 26, 48, 993, 38 ]
sample119: [ 14, 69, 763, 13 ]
sample120: [ 23, 77, 705, 161 ]
sample121: [ 11, 53, 695, 94 ]
sample122: [ 15, 93, 920, 2 ]
sample123: [ 11, 216, 311, 210 ]
sample124: [ 24, 574, 95, 0 ]
sample125: [ 9, 647, 258, 0 ]
sample126: [ 10, 768, 112, 11 ]
sample127: [ 14, 335, 214, 0 ]
sample128: [ 18, 776, 125, 0 ]
sample129: [ 12, 861, 31, 0 ]
sample130: [ 12, 704, 10, 0 ]
sample131: [ 20, 533, 221, 0 ]
sample132: [ 15, 195, 422, 0 ]
sample133: [ 19, 260, 369, 0 ]
sample134: [ 14, 415, 209, 0 ]
sample135: [ 12, 650, 396, 5 ]
sample136: [ 18, 303, 362, 25 ]
sample137: [ 19, 807, 85, 0 ]
sample138: [ 19, 307, 214, 7 ]
sample139: [ 19, 560, 77, 0 ]
sample140: [ 8, 428, 17, 0 ]
sample141: [ 12, 365, 314, 19 ]
sample142: [ 16, 963, 184, 0 ]
sample143: [ 11, 475, 218, 0 ]
sample144: [ 28, 689, 423, 0 ]
sample145: [ 8, 138, 595, 17 ]
sample146: [ 19, 296, 729, 0 ]
sample147: [ 9, 231, 275, 0 ]
sample148: [ 20, 679, 457, 12 ]
sample149: [ 33, 200, 657, 21 ]
sample150: [ 7, 266, 311, 4 ]
sample151: [ 22, 411, 154, 26 ]
sample152: [ 16, 255, 448, 0 ]
sample153: [ 20, 292, 463, 7 ]
sample154: [ 11, 592, 211, 0 ]
sample155: [ 3, 411, 593, 68 ]
sample156: [ 21, 143, 526, 55 ]
sample157: [ 17, 536, 208, 0 ]
sample158: [ 17, 161, 576, 102 ]
sample159: [ 37, 72, 733, 4 ]
sample160: [ 13, 572, 27, 0 ]
sample161: [ 12, 111, 490, 58 ]
sample162: [ 19, 183, 368, 9 ]
sample163: [ 29, 210, 419, 0 ]
sample164: [ 17, 121, 421, 136 ]
sample165: [ 2, 333, 693, 103 ]
sample166: [ 21, 399, 338, 51 ]
sample167: [ 10, 825, 137, 0 ]
sample168: [ 16, 255, 429, 23 ]
sample169: [ 18, 154, 960, 51 ]
sample170: [ 22, 336, 290, 19 ]
sample171: [ 13, 470, 202, 3 ]
sample172: [ 14, 149, 331, 0 ]
sample173: [ 18, 170, 528, 115 ]
sample174: [ 15, 567, 275, 0 ]
sample175: [ 16, 250, 947, 87 ]
sample176: [ 21, 149, 365, 115 ]
sample177: [ 8, 112, 759, 19 ]
sample178: [ 14, 706, 70, 0 ]
sample179: [ 25, 190, 662, 7 ]
sample180: [ 18, 244, 425, 44 ]
sample181: [ 18, 121, 587, 59 ]
sample182: [ 11, 349, 214, 0 ]
sample183: [ 14, 242, 485, 26 ]
sample184: [ 10, 297, 153, 0 ]
sample185: [ 23, 118, 620, 9 ]
sample186: [ 9, 197, 777, 1 ]
sample187: [ 11, 154, 549, 5 ]
sample188: [ 26, 380, 310, 22 ]
sample189: [ 15, 305, 313, 19 ]
sample190: [ 18, 435, 495, 0 ]
sample191: [ 16, 211, 582, 5 ]
sample192: [ 39, 159, 664, 15 ]
sample193: [ 11, 783, 72, 0 ]
sample194: [ 17, 99, 509, 0 ]
sample195: [ 26, 216, 628, 112 ]
sample196: [ 23, 428, 456, 3 ]
sample197: [ 20, 554, 96, 0 ]
sample198: [ 12, 101, 734, 16 ]
sample199: [ 14, 337, 574, 1 ]
sample200: [ 14, 287, 603, 42 ]
sample201: [ 26, 315, 439, 4 ]
sample202: [ 13, 245, 520, 42 ]
sample203: [ 29, 920, 45, 0 ]
sample204: [ 16, 167, 600, 0 ]
sample205: [ 14, 158, 766, 5 ]
sample206: [ 21, 256, 276, 10 ]
sample207: [ 24, 58, 648, 3 ]
sample208: [ 7, 136, 529, 30 ]
sample209: [ 16, 285, 342, 14 ]
sample210: [ 30, 218, 633, 0 ]
sample211: [ 17, 275, 384, 0 ]
sample212: [ 31, 416, 433, 31 ]
sample213: [ 17, 356, 310, 135 ]
sample214: [ 9, 192, 580, 0 ]
sample215: [ 29, 218, 289, 0 ]
sample216: [ 26, 170, 527, 33 ]
sample217: [ 20, 429, 137, 15 ]
sample218: [ 14, 292, 247, 6 ]
sample219: [ 15, 221, 940, 13 ]
sample220: [ 21, 301, 545, 9 ]
sample221: [ 8, 338, 508, 0 ]
sample222: [ 12, 274, 436, 0 ]
sample223: [ 18, 281, 398, 2 ]
sample224: [ 14, 184, 253, 0 ]
sample225: [ 26, 219, 376, 69 ]
sample226: [ 21, 222, 434, 118 ]
sample227: [ 7, 261, 980, 0 ]
sample228: [ 11, 165, 564, 84 ]
sample229: [ 17, 271, 448, 5 ]
sample230: [ 14, 86, 663, 92 ]
sample231: [ 25, 301, 428, 51 ]
sample232: [ 11, 525, 242, 0 ]
sample233: [ 13, 30, 509, 188 ]
sample234: [ 20, 119, 583, 53 ]
sample235: [ 20, 208, 356, 164 ]
sample236: [ 11, 110, 677, 16 ]
sample237: [ 6, 215, 697, 164 ]
sample238: [ 9, 73, 608, 103 ]
sample239: [ 22, 166, 318, 6 ]
sample240: [ 15, 65, 667, 49 ]
sample241: [ 16, 434, 281, 2 ]
sample242: [ 21, 472, 512, 30 ]
sample243: [ 7, 209, 270, 0 ]
sample244: [ 13, 145, 595, 98 ]
sample245: [ 20, 329, 358, 4 ]
sample246: [ 21, 42, 636, 19 ]
sample247: [ 16, 329, 430, 47 ]
sample248: [ 15, 50, 952, 91 ]
sample249: [ 13, 53, 981, 46 ]
sample250: [ 15, 25, 769, 68 ]
sample251: [ 20, 409, 225, 15 ]
sample252: [ 15, 254, 355, 117 ]
sample253: [ 13, 131, 532, 81 ]
sample254: [ 24, 424, 467, 6 ]
sample255: [ 15, 190, 600, 51 ]
sample256: [ 9, 76, 443, 6 ]
sample257: [ 14, 109, 622, 90 ]
sample258: [ 23, 226, 673, 118 ]
