%YAML:1.0
---
sample0: [ 10, 53, 130, 711 ]
sample1: [ 17, 42, 441, 538 ]
sample2: [ 17, 23, 452, 449 ]
sample3: [ 12, 39, 352, 596 ]
sample4: [ 15, 401, 791, 145 ]
sample5: [ 20, 31, 131, 520 ]
sample6: [ 21, 46, 461, 543 ]
sample7: [ 14, 27, 42, 483 ]
sample8: [ 21, 150, 187, 698 ]
sample9: [ 8, 35, 92, 493 ]
sample10: [ 18, 24, 107, 910 ]
sample11: [ 32, 59, 790, 139 ]
sample12: [ 21, 30, 254, 686 ]
sample13: [ 6, 118, 688, 305 ]
sample14: [ 9, 25, 686, 567 ]
sample15: [ 14, 45, 49, 668 ]
sample16: [ 12, 34, 323, 566 ]
sample17: [ 20, 42, 291, 811 ]
sample18: [ 10, 57, 535, 1024 ]
sample19: [ 7, 55, 87, 728 ]
sample20: [ 20, 40, 558, 408 ]
sample21: [ 24, 24, 98, 677 ]
sample22: [ 5, 385, 469, 37 ]
sample23: [ 14, 23, 397, 486 ]
sample24: [ 22, 49, 67, 703 ]
sample25: [ 12, 20, 381, 468 ]
sample26: [ 27, 36, 386, 648 ]
sample27: [ 15, 34, 115, 732 ]
sample28: [ 3, 25, 109, 939 ]
sample29: [ 6, 44, 91, 732 ]
sample30: [ 17, 88, 401, 863 ]
sample31: [ 8, 450, 563, 212 ]
sample32: [ 11, 34, 672, 349 ]
sample33: [ 9, 84, 534, 132 ]
sample34: [ 9, 39, 434, 753 ]
sample35: [ 10, 32, 680, 248 ]
sample36: [ 5, 65, 503, 969 ]
sample37: [ 11, 100, 588, 319 ]
sample38: [ 6, 34, 678, 648 ]
sample39: [ 11, 105, 586, 683 ]
sample40: [ 13, 165, 597, 519 ]
sample41: [ 22, 39, 159, 1102 ]
sample42: [ 3, 31, 261, 685 ]
sample43: [ 12, 36, 58, 736 ]
sample44: [ 17, 35, 442, 658 ]
sample45: [ 13, 27, 40, 583 ]
sample46: [ 21, 58, 739, 785 ]
sample47: [ 14, 57, 265, 887 ]
sample48: [ 20, 38, 33, 1075 ]
sample49: [ 9, 140, 452, 207 ]
sample50: [ 15, 41, 766, 196 ]
sample51: [ 7, 41, 291, 1257 ]
sample52: [ 10, 256, 241, 366 ]
sample53: [ 1, 87, 219, 1177 ]
sample54: [ 29, 282, 237, 319 ]
sample55: [ 18, 56, 582, 442 ]
sample56: [ 10, 63, 186, 1177 ]
sample57: [ 15, 38, 108, 917 ]
sample58: [ 16, 27, 444, 411 ]
sample59: [ 16, 96, 542, 175 ]
sample60: [ 18, 57, 415, 346 ]
sample61: [ 21, 40, 769, 303 ]
sample62: [ 19, 248, 426, 0 ]
sample63: [ 17, 46, 256, 950 ]
sample64: [ 13, 35, 484, 304 ]
sample65: [ 17, 33, 65, 785 ]
sample66: [ 23, 19, 61, 1078 ]
sample67: [ 22, 36, 126, 822 ]
sample68: [ 20, 62, 609, 879 ]
sample69: [ 15, 37, 59, 611 ]
sample70: [ 14, 78, 506, 423 ]
sample71: [ 22, 46, 180, 717 ]
sample72: [ 26, 40, 389, 697 ]
sample73: [ 35, 56, 88, 871 ]
sample74: [ 21, 41, 96, 562 ]
sample75: [ 19, 41, 536, 674 ]
sample76: [ 8, 479, 194, 295 ]
sample77: [ 25, 37, 553, 217 ]
sample78: [ 10, 64, 712, 275 ]
sample79: [ 18, 267, 247, 530 ]
sample80: [ 11, 42, 465, 527 ]
sample81: [ 20, 28, 64, 619 ]
sample82: [ 24, 52, 614, 398 ]
sample83: [ 14, 30, 54, 932 ]
sample84: [ 9, 38, 164, 821 ]
sample85: [ 14, 96, 407, 513 ]
sample86: [ 15, 54, 121, 639 ]
sample87: [ 9, 27, 198, 721 ]
sample88: [ 22, 61, 712, 32 ]
sample89: [ 17, 66, 270, 552 ]
sample90: [ 7, 29, 126, 910 ]
sample91: [ 23, 105, 431, 493 ]
sample92: [ 20, 66, 430, 404 ]
sample93: [ 11, 46, 254, 652 ]
sample94: [ 5, 41, 286, 823 ]
sample95: [ 13, 223, 140, 496 ]
sample96: [ 4, 53, 347, 559 ]
sample97: [ 14, 120, 457, 177 ]
sample98: [ 23, 83, 423, 319 ]
sample99: [ 20, 54, 407, 269 ]
sample100: [ 15, 26, 411, 533 ]
sample101: [ 8, 27, 634, 220 ]
sample102: [ 14, 227, 315, 257 ]
sample103: [ 12, 39, 113, 890 ]
sample104: [ 14, 57, 413, 570 ]
sample105: [ 27, 196, 333, 336 ]
sample106: [ 7, 86, 324, 1158 ]
sample107: [ 26, 44, 561, 269 ]
sample108: [ 5, 81, 439, 632 ]
sample109: [ 20, 41, 376, 539 ]
sample110: [ 12, 67, 175, 725 ]
sample111: [ 17, 44, 458, 215 ]
sample112: [ 18, 64, 376, 401 ]
sample113: [ 12, 96, 555, 43 ]
sample114: [ 16, 44, 456, 413 ]
sample115: [ 23, 244, 369, 223 ]
sample116: [ 15, 151, 572, 218 ]
sample117: [ 12, 272, 224, 413 ]
sample118: [ 14, 319, 268, 683 ]
sample119: [ 8, 96, 199, 712 ]
sample120: [ 20, 40, 422, 341 ]
sample121: [ 12, 79, 957, 65 ]
sample122: [ 20, 123, 574, 45 ]
sample123: [ 12, 769, 120, 0 ]
sample124: [ 22, 402, 294, 65 ]
sample125: [ 19, 68, 147, 724 ]
sample126: [ 32, 568, 212, 232 ]
sample127: [ 52, 87, 165, 781 ]
sample128: [ 0, 74, 515, 552 ]
sample129: [ 25, 500, 158, 133 ]
sample130: [ 19, 136, 174, 942 ]
sample131: [ 26, 302, 233, 211 ]
sample132: [ 11, 185, 345, 273 ]
sample133: [ 7, 64, 50, 632 ]
sample134: [ 22, 258, 403, 17 ]
sample135: [ 15, 421, 447, 54 ]
sample136: [ 26, 57, 76, 788 ]
sample137: [ 10, 29, 201, 551 ]
sample138: [ 12, 318, 380, 72 ]
sample139: [ 14, 170, 173, 414 ]
sample140: [ 4, 455, 312, 91 ]
sample141: [ 9, 382, 516, 449 ]
sample142: [ 16, 352, 225, 180 ]
sample143: [ 15, 52, 512, 286 ]
sample144: [ 14, 175, 250, 355 ]
sample145: [ 18, 71, 448, 236 ]
sample146: [ 14, 161, 391, 356 ]
sample147: [ 0, 886, 73, 189 ]
sample148: [ 18, 435, 277, 134 ]
sample149: [ 4, 83, 421, 453 ]
sample150: [ 10, 339, 394, 26 ]
sample151: [ 14, 55, 621, 94 ]
sample152: [ 11, 21, 57, 513 ]
sample153: [ 26, 160, 195, 645 ]
sample154: [ 14, 475, 89, 197 ]
sample155: [ 10, 603, 186, 44 ]
sample156: [ 17, 75, 398, 355 ]
sample157: [ 13, 290, 330, 29 ]
sample158: [ 11, 494, 121, 152 ]
sample159: [ 8, 47, 531, 335 ]
sample160: [ 33, 43, 179, 830 ]
sample161: [ 22, 167, 454, 542 ]
sample162: [ 13, 75, 91, 1139 ]
sample163: [ 10, 635, 195, 330 ]
sample164: [ 32, 400, 106, 371 ]
sample165: [ 26, 128, 702, 61 ]
sample166: [ 18, 40, 697, 212 ]
sample167: [ 17, 230, 206, 399 ]
sample168: [ 10, 351, 414, 80 ]
sample169: [ 7, 295, 394, 142 ]
sample170: [ 16, 471, 178, 209 ]
sample171: [ 18, 61, 115, 1016 ]
sample172: [ 36, 75, 382, 648 ]
sample173: [ 12, 42, 875, 96 ]
sample174: [ 12, 146, 207, 336 ]
sample175: [ 28, 101, 566, 715 ]
sample176: [ 11, 67, 382, 565 ]
sample177: [ 24, 71, 381, 67 ]
sample178: [ 21, 131, 227, 434 ]
sample179: [ 17, 337, 301, 1 ]
sample180: [ 13, 174, 596, 4 ]
sample181: [ 6, 48, 252, 362 ]
sample182: [ 17, 320, 275, 276 ]
sample183: [ 11, 588, 294, 1 ]
sample184: [ 7, 690, 182, 192 ]
sample185: [ 12, 183, 194, 735 ]
sample186: [ 17, 275, 428, 149 ]
sample187: [ 23, 253, 257, 0 ]
sample188: [ 15, 352, 495, 52 ]
sample189: [ 13, 56, 75, 844 ]
sample190: [ 11, 113, 359, 276 ]
sample191: [ 9, 197, 573, 621 ]
sample192: [ 17, 237, 271, 166 ]
sample193: [ 16, 528, 106, 285 ]
sample194: [ 24, 104, 569, 64 ]
sample195: [ 17, 228, 205, 869 ]
sample196: [ 12, 49, 433, 305 ]
sample197: [ 27, 216, 279, 520 ]
sample198: [ 6, 217, 418, 99 ]
sample199: [ 20, 432, 175, 194 ]
sample200: [ 22, 166, 419, 86 ]
sample201: [ 17, 76, 500, 293 ]
sample202: [ 13, 223, 482, 168 ]
sample203: [ 17, 391, 200, 223 ]
sample204: [ 12, 470, 334, 196 ]
sample205: [ 19, 266, 248, 173 ]
sample206: [ 20, 58, 68, 595 ]
sample207: [ 17, 340, 246, 208 ]
sample208: [ 16, 102, 165, 1158 ]
sample209: [ 17, 93, 276, 582 ]
sample210: [ 15, 391, 172, 263 ]
sample211: [ 20, 59, 206, 678 ]
sample212: [ 7, 52, 128, 932 ]
sample213: [ 8, 70, 78, 694 ]
sample214: [ 24, 93, 228, 389 ]
sample215: [ 31, 434, 135, 447 ]
sample216: [ 19, 63, 338, 341 ]
sample217: [ 14, 51, 394, 468 ]
sample218: [ 5, 108, 338, 232 ]
sample219: [ 15, 571, 226, 134 ]
sample220: [ 5, 362, 248, 864 ]
sample221: [ 14, 42, 171, 648 ]
sample222: [ 12, 193, 335, 241 ]
sample223: [ 13, 127, 326, 484 ]
sample224: [ 29, 180, 166, 617 ]
sample225: [ 10, 277, 313, 776 ]
sample226: [ 23, 56, 123, 933 ]
sample227: [ 39, 116, 258, 668 ]
sample228: [ 30, 267, 224, 822 ]
sample229: [ 31, 86, 176, 821 ]
sample230: [ 18, 570, 310, 298 ]
sample231: [ 16, 69, 56, 699 ]
sample232: [ 14, 101, 354, 509 ]
sample233: [ 27, 708, 125, 367 ]
sample234: [ 17, 163, 139, 415 ]
sample235: [ 13, 57, 114, 1139 ]
sample236: [ 37, 437, 118, 429 ]
sample237: [ 14, 97, 309, 367 ]
sample238: [ 8, 424, 118, 223 ]
sample239: [ 22, 225, 187, 772 ]
sample240: [ 14, 644, 261, 237 ]
sample241: [ 19, 283, 201, 309 ]
sample242: [ 15, 100, 455, 170 ]
sample243: [ 23, 376, 242, 84 ]
sample244: [ 20, 361, 134, 337 ]
sample245: [ 8, 296, 345, 253 ]
sample246: [ 16, 54, 114, 672 ]
sample247: [ 23, 284, 433, 230 ]
sample248: [ 9, 594, 92, 321 ]
sample249: [ 10, 390, 127, 371 ]
sample250: [ 19, 45, 88, 844 ]
sample251: [ 22, 142, 287, 568 ]
