%YAML:1.0
---
sample0: [ -8.0652101267313592e-01, 1.1212522786090928e-01,
    -1.3784888340496275e+00, -5.7114018015282286e-01 ]
sample1: [ 2.1439166159665657e-01, 6.7302030634881049e-02,
    -1.1217102053550927e+00, -5.7114018015282286e-01 ]
sample2: [ 9.4361500036079349e-01, 4.6324027279812952e-01,
    -9.8164913515807373e-01, -5.4945186162343795e-01 ]
sample3: [ 3.6023632934948369e-01, 4.7071080566913426e-01,
    -1.0205549879905789e+00, -5.7114018015282286e-01 ]
sample4: [ -1.2440550159316182e+00, 3.1190147084402948e+00,
    -1.3279112253673706e+00, -3.5425699485897350e-01 ]
sample5: [ 6.8546993843829007e-02, 1.6697313314653861e+00,
    -1.2656618608353623e+00, -5.7114018015282286e-01 ]
sample6: [ -3.6898700941465368e-01, 3.5491754616856164e-01,
    -4.4018081894696470e-02, -5.7114018015282286e-01 ]
sample7: [ 2.1439166159665657e-01, 6.6494466031525623e-01,
    -1.0711325966728358e+00, -2.0243876515327897e-01 ]
sample8: [ -7.7297673908998554e-02, 1.7108192622559122e+00,
    -8.2991630911130310e-01, -5.7114018015282286e-01 ]
sample9: [ -9.5236568042596326e-01, -2.2031348489879932e-01,
    8.7805063023567853e-01, -5.7114018015282286e-01 ]
sample10: [ -3.6898700941465368e-01, 2.5288426116309255e+00,
    -6.4316821551527781e-01, -5.7114018015282286e-01 ]
sample11: [ -6.6067634492030836e-01, 1.4867032761257717e+00,
    -1.0866949378058379e+00, -5.7114018015282286e-01 ]
sample12: [ -7.7297673908998554e-02, 1.9013178504665318e+00,
    -1.5418934159461497e+00, -5.7114018015282286e-01 ]
sample13: [ 6.8546993843829007e-02, -3.8092994162539995e-01,
    -3.1246846643898296e-01, -5.7114018015282286e-01 ]
sample14: [ 7.9777033260796593e-01, 8.5917851496137776e-01,
    -1.1567254729043475e+00, -2.2412708368266387e-01 ]
sample15: [ -5.1483167716748079e-01, 1.1729408955435747e+00,
    -9.4663386760881896e-01, 3.6132738669955367e-02 ]
sample16: [ -6.6067634492030836e-01, -3.3237147796386957e-01,
    -4.0973309852024609e-01, -5.7114018015282286e-01 ]
sample17: [ -7.7297673908998554e-02, 4.7444607210463663e-01,
    -7.8711987099554725e-01, -5.7114018015282286e-01 ]
sample18: [ 1.2353043358664486e+00, 1.1916172277210866e+00,
    -1.4057229310323813e+00, -5.7114018015282286e-01 ]
sample19: [ -9.5236568042596326e-01, 2.0924215518397027e-01,
    -8.8438450307681049e-01, 5.7821057199340276e-02 ]
sample20: [ -1.8274336869429280e+00, 2.8612813243906334e+00,
    -1.5418934159461497e+00, -5.7114018015282286e-01 ]
sample21: [ 4.1521976909229972e+00, 2.3159324248072917e+00,
    -1.2734430314018632e+00, -5.7114018015282286e-01 ]
sample22: [ 5.0608099710231125e-01, 7.3217945615429803e-01,
    -1.1294913759215937e+00, 3.3976919808134443e-01 ]
sample23: [ -2.1191230224485826e+00, -8.4036771319218828e-01,
    7.8078599815441563e-01, -2.6750372074143375e-01 ]
sample24: [ 6.8546993843829007e-02, -8.7398511111170929e-01,
    2.6012453203813068e-02, -5.7114018015282286e-01 ]
sample25: [ 7.9777033260796593e-01, -4.0334154023841418e-01,
    -2.0674570195193365e-02, -5.7114018015282286e-01 ]
sample26: [ -3.6898700941465368e-01, 8.2243096376890534e-02,
    -3.8249900153749250e-01, 3.1808087955195952e-01 ]
sample27: [ -5.1483167716748079e-01, -6.1251646062654530e-01,
    -9.5441503817532003e-01, -5.7114018015282286e-01 ]
sample28: [ 7.9777033260796593e-01, 1.8303477881919872e+00,
    -1.2034124963033537e+00, -4.4101026897651324e-01 ]
sample29: [ -3.6898700941465368e-01, 1.5576733384003159e+00,
    -1.0283361585570800e+00, -5.7114018015282286e-01 ]
sample30: [ 3.6023632934948369e-01, 8.7038431426788487e-01,
    -3.1635905172223344e-01, 1.0119769425811020e-01 ]
sample31: [ -8.0652101267313592e-01, 3.2503541468454289e-01,
    -1.0711325966728358e+00, 1.3808084874918214e+00 ]
sample32: [ 6.8546993843829007e-02, -1.1018363636773523e+00,
    7.2242721890565753e-01, -5.7114018015282286e-01 ]
sample33: [ 6.5192566485513881e-01, 1.8004656567079682e+00,
    -1.5224404895298971e+00, -5.7114018015282286e-01 ]
sample34: [ -2.2649676902014102e+00, -4.9298793469047031e-01,
    6.0181907512489130e-01, -5.7114018015282286e-01 ]
sample35: [ 3.6023632934948369e-01, 6.4253306170224200e-01,
    -8.8827508836006097e-01, -5.7114018015282286e-01 ]
sample36: [ 2.5479063456418958e+00, -4.8178213538396331e-01,
    3.3725927586385529e-01, -5.7114018015282286e-01 ]
sample37: [ -5.1483167716748079e-01, 1.6659960650298842e+00,
    -9.1550918534281467e-01, -5.7114018015282286e-01 ]
sample38: [ -9.5236568042596326e-01, -6.0878119419104293e-01,
    -2.1520383435771961e-01, -5.7114018015282286e-01 ]
sample39: [ -1.5357443514372731e+00, 5.6782773299219502e-01,
    3.9950864039586365e-01, 5.1327574631642392e-01 ]
sample40: [ -7.7297673908998554e-02, 1.6286434006748605e+00,
    -1.3823794193328780e+00, -5.7114018015282286e-01 ]
sample41: [ -2.2314234166182612e-01, 1.1766761619790771e+00,
    -1.3862700046161285e+00, -5.7114018015282286e-01 ]
sample42: [ -8.0652101267313592e-01, -1.2288354224844320e+00,
    1.3565926200754934e+00, 8.1691220572781309e-01 ]
sample43: [ -9.5236568042596326e-01, 7.5377676668435534e-03,
    -9.3885269704231789e-01, -5.7114018015282286e-01 ]
sample44: [ -9.5236568042596326e-01, 1.6815422439344441e-01,
    -2.3854734605722294e-01, 4.9158742778703912e-01 ]
sample45: [ -2.4108123579542378e+00, 2.2791848736148190e-01,
    -6.1204353324927352e-01, -5.7114018015282286e-01 ]
sample46: [ -8.0652101267313592e-01, -2.0537241915678983e-01,
    -3.9806134267049442e-01, -2.0243876515327897e-01 ]
sample47: [ -7.7297673908998554e-02, 5.6096231328374158e-02,
    -2.0353207850796817e-01, -1.1568549103573922e-01 ]
sample48: [ -1.9732783546957555e+00, 2.7274168458750991e-01,
    -8.5715040609405679e-01, -2.2412708368266387e-01 ]
sample49: [ 2.1439166159665657e-01, -1.0868952979353428e+00,
    2.9057225246484886e-01, -4.6269858750589821e-01 ]
sample50: [ -2.2314234166182612e-01, -1.2400412217909389e+00,
    1.1542821853464662e+00, -2.0243876515327897e-01 ]
sample51: [ -2.2314234166182612e-01, -9.2254357477323978e-01,
    5.0844502832687843e-01, -5.7114018015282286e-01 ]
sample52: [ -7.7297673908998554e-02, 1.1617350962370676e+00,
    -9.9721147629107576e-01, 9.2535379837473775e-01 ]
sample53: [ 2.5479063456418958e+00, 1.9056582300645841e-01,
    -5.2256007173451136e-01, -5.7114018015282286e-01 ]
sample54: [ 5.0608099710231125e-01, -7.3951551943362492e-01,
    8.1580126570367040e-01, 2.3132760543441977e-01 ]
sample55: [ 6.5192566485513881e-01, 6.0518039734721873e-01,
    -8.9605625892656204e-01, 4.2652247219888428e-01 ]
sample56: [ -8.0652101267313592e-01, 3.8025012313414042e-03,
    -9.8553972044132421e-01, 2.7470424249318970e-01 ]
sample57: [ -7.7297673908998554e-02, -1.0420721007093148e+00,
    1.7184170514177926e+00, -2.6750372074143375e-01 ]
sample58: [ 6.8546993843829007e-02, 3.8025012313414042e-03,
    -7.5210460344629260e-01, 4.6989910925765410e-01 ]
sample59: [ 5.0608099710231125e-01, -1.1279832287258686e+00,
    1.5044348608390135e+00, -3.7594531338835846e-01 ]
sample60: [ 1.0894596681136210e+00, -4.3322367172243281e-01,
    3.1780634944760267e-01, 9.4704211690412277e-01 ]
sample61: [ 1.0894596681136210e+00, 1.9803635587746315e-01,
    -3.8638958682074298e-01, -5.7114018015282286e-01 ]
sample62: [ -9.5236568042596326e-01, -1.0047194363542913e+00,
    2.5976893254324125e+00, -5.7114018015282286e-01 ]
sample63: [ -2.4108123579542378e+00, -3.3550163123682086e-02,
    1.5051118226783000e-01, 9.4704211690412277e-01 ]
sample64: [ 3.6023632934948369e-01, 2.2038744317422214e+00,
    -1.3590359076333749e+00, -5.7114018015282286e-01 ]
sample65: [ 2.1439166159665657e-01, -1.2176296231779249e+00,
    8.4692594796967424e-01, 1.5543150357269011e+00 ]
sample66: [ -2.2314234166182612e-01, 1.1206471654465420e+00,
    -8.1435396797830095e-01, 9.9041875396289258e-01 ]
sample67: [ 6.8546993843829007e-02, -3.2116567865736245e-01,
    -7.9490104156204833e-01, 6.6509397602211862e-01 ]
sample68: [ -5.1483167716748079e-01, -1.0607484328868264e+00,
    1.5355595431050177e+00, -5.7114018015282286e-01 ]
