%YAML:1.0
---
sample0: [ 6.7397888741738354e-01, -1.4232030935141060e+00,
    1.7338692227682340e+00, 2.6294810388008019e+00 ]
sample1: [ 8.3016964088060208e-01, -9.4401533204585530e-01,
    7.2374710920509999e-01, 7.0511822597054119e-01 ]
sample2: [ -1.0697487989870824e-01, -7.6692420280758877e-01,
    -4.7343465501787330e-01, -5.2767670099884467e-01 ]
sample3: [ -1.3565009076044550e+00, -1.2800718751658779e-01,
    -2.4491493434258382e-02, 7.0511822597054119e-01 ]
sample4: [ -4.1935638682514487e-01, -1.1280512114503285e+00,
    7.7778656384016509e-01, -2.8713134939506207e-01 ]
sample5: [ -7.3173789375158149e-01, -1.1627749622813610e+00,
    1.0812388860216826e+00, 2.8416386066392163e-01 ]
sample6: [ -8.8792864721480003e-01, -1.3398660915196277e+00,
    1.0770820048959084e+00, 3.2308444178102582e+00 ]
sample7: [ -1.2003101541412367e+00, -1.2912528403561820e+00,
    1.2017884386691344e+00, 1.3666179428809433e+00 ]
sample8: [ 2.0540662702772883e-01, -4.7177232074381115e-01,
    3.9535350026893723e-01, -3.7733585624648058e-01 ]
sample9: [ -1.0697487989870824e-01, 1.8797894504580959e-01,
    -9.6394662785923058e-01, -5.2767670099884467e-01 ]
sample10: [ -1.0441194006780183e+00, -7.9470320347241485e-01,
    1.2184159631722316e+00, 1.1862089291781062e+00 ]
sample11: [ 9.8636039434382061e-01, -3.0016845248701518e-03,
    -8.7665212421797212e-01, -5.2767670099884467e-01 ]
sample12: [ 8.3016964088060208e-01, -9.7526670779378466e-01,
    4.9927552841329259e-01, -5.2767670099884467e-01 ]
sample13: [ -4.1935638682514487e-01, 6.2973442054091944e-02,
    -4.6927777389209913e-01, -5.2767670099884467e-01 ]
sample14: [ -1.6688824145308918e+00, -1.2530567144420459e+00,
    2.8105014343437551e+00, 1.1260725912771608e+00 ]
sample15: [ 2.0540662702772883e-01, -1.5377914712565137e+00,
    2.4488527764013988e+00, 3.1423202961439445e-01 ]
sample16: [ 5.1778813395416545e-01, 1.0387108404061096e+00,
    -1.9908050071677530e-01, -5.2767670099884467e-01 ]
sample17: [ -7.3173789375158149e-01, -5.8636069848621886e-01,
    2.5818729724261735e+00, -5.2767670099884467e-01 ]
sample18: [ -7.3173789375158149e-01, -9.0929158121482268e-01,
    7.9857096946903594e-01, 7.9532273282195953e-01 ]
sample19: [ -5.7554714028836318e-01, -3.1898781708726731e-01,
    -1.0013585579911983e+00, -5.2767670099884467e-01 ]
sample20: [ 3.6159738049094692e-01, -9.4748770712895858e-01,
    7.0296270357622914e-01, 1.4868906186828346e+00 ]
sample21: [ 3.6159738049094692e-01, -3.4253060272799507e-02,
    -1.7829609508790423e-01, 1.4868906186828346e+00 ]
sample22: [ 2.0540662702772883e-01, -6.7664245064690376e-01,
    -3.6119886462196960e-01, -5.2767670099884467e-01 ]
sample23: [ -5.7554714028836318e-01, -1.2183329636110134e+00,
    1.4345737817124906e+00, -2.8713134939506207e-01 ]
sample24: [ 3.6159738049094692e-01, -1.2356948390265297e+00,
    1.3306517535681355e+00, 7.6525456387148683e-01 ]
sample25: [ -1.8250731679941101e+00, 5.3521645335613588e-01,
    -8.6833836196642356e-01, 2.2402752276297599e-01 ]
sample26: [ 6.7397888741738354e-01, -3.7801819350002286e-01,
    -6.3139613779729342e-01, -5.2767670099884467e-01 ]
sample27: [ 5.1778813395416545e-01, -6.3497394964966469e-01,
    -9.0575029209839153e-01, -5.2767670099884467e-01 ]
sample28: [ -7.3173789375158149e-01, -5.6899882307070260e-01,
    3.5378468901119509e-01, 1.3064816049799974e+00 ]
sample29: [ -5.7554714028836318e-01, -9.9464346910766999e-03,
    -1.5751168945903316e-01, -5.2767670099884467e-01 ]
sample30: [ -1.0441194006780183e+00, 2.0881319554442901e-01,
    -6.4386678117461604e-01, -5.2767670099884467e-01 ]
sample31: [ -8.8792864721480003e-01, -8.5026120480206713e-01,
    1.0437182146474222e-01, -5.2767670099884467e-01 ]
sample32: [ -1.0441194006780183e+00, 9.6579096366094097e-01,
    -1.2881833556696192e+00, -5.2767670099884467e-01 ]
sample33: [ 4.9215873564510293e-02, -5.8636069848621886e-01,
    4.5770671715555045e-01, -5.2767670099884467e-01 ]
sample34: [ 2.0540662702772883e-01, 1.3546969729685068e+00,
    -1.1510062785190702e+00, -5.2767670099884467e-01 ]
sample35: [ 4.9215873564510293e-02, 4.9354795235889704e-01,
    -1.1759475652737155e+00, -5.2767670099884467e-01 ]
sample36: [ -1.8250731679941101e+00, 3.2367242680104771e+00,
    -1.2757127122922964e+00, -5.2767670099884467e-01 ]
sample37: [ 1.1425511478070387e+00, 8.7550921150025607e-01,
    -9.5147598448190784e-01, 1.3550340109666159e-02 ]
sample38: [ -1.0441194006780183e+00, -5.1691319682415360e-01,
    -1.1178599707551684e-01, -2.5706318044458926e-01 ]
sample39: [ -1.3565009076044550e+00, -1.1905539629461872e+00,
    3.0474436585128855e+00, -5.2767670099884467e-01 ]
sample40: [ 1.1425511478070387e+00, -3.2940494233657724e-01,
    -2.6559059872916269e-01, -5.2767670099884467e-01 ]
sample41: [ 2.0540662702772883e-01, -1.3051423406885951e+00,
    6.1566819993497046e-01, -5.2767670099884467e-01 ]
sample42: [ -7.3173789375158149e-01, 1.2158019696443763e+00,
    -9.4316222223035950e-01, -5.2767670099884467e-01 ]
sample43: [ 1.6111234081966939e+00, -4.7871707091001769e-01,
    5.0332366829677566e-02, -5.2767670099884467e-01 ]
sample44: [ -7.3173789375158149e-01, 4.5535182644476091e-01,
    -4.4849336826322805e-01, -5.2767670099884467e-01 ]
sample45: [ 1.9235049151231309e+00, -1.2843080901899753e+00,
    9.5237557112268201e-01, 2.8416386066392163e-01 ]
sample46: [ 4.9215873564510293e-02, 1.1505906830064094e-01,
    -1.1178599707551684e-01, 3.7436836751534008e-01 ]
sample47: [ -1.0697487989870824e-01, -3.8843531874933279e-01,
    1.7077317823483762e-02, -5.2767670099884467e-01 ]
sample48: [ 9.8636039434382061e-01, -2.6342981575761515e-01,
    -3.4872822124464697e-01, -4.9760853204837185e-01 ]
sample49: [ -1.3565009076044550e+00, 1.1394097178161045e+00,
    -1.0553980126262632e+00, -5.2767670099884467e-01 ]
sample50: [ -1.0697487989870824e-01, 3.8666816472369137e-02,
    -2.0739426296832364e-01, 1.0960044223266880e+00 ]
sample51: [ 4.9215873564510293e-02, -1.2287500888603231e+00,
    -2.8637500435803376e-01, -5.2767670099884467e-01 ]
sample52: [ -2.6316563336192633e-01, 3.1645682312063039e-01,
    -6.6465118680348712e-01, -5.2767670099884467e-01 ]
sample53: [ 3.6159738049094692e-01, 4.7271370186027717e-01,
    -1.0761824182551343e+00, -5.2767670099884467e-01 ]
sample54: [ 4.9215873564510293e-02, -9.4748770712895858e-01,
    2.3739201748951722e-01, -5.2767670099884467e-01 ]
sample55: [ 2.0796956685863495e+00, 1.7505477324422793e+00,
    -6.3970990004884187e-01, -5.2767670099884467e-01 ]
sample56: [ -1.6688824145308918e+00, 8.8245396166646284e-01,
    -8.4755395633755248e-01, -5.2767670099884467e-01 ]
sample57: [ -1.2003101541412367e+00, 1.1081583420681751e+00,
    -9.7641727123655309e-01, -5.2767670099884467e-01 ]
sample58: [ -2.6316563336192633e-01, -2.8426406625623479e-01,
    -3.7782638912506639e-01, 1.3550340109666159e-02 ]
sample59: [ -4.1935638682514487e-01, 9.6579096366094097e-01,
    -1.0096723202427469e+00, -3.1719951834553489e-01 ]
sample60: [ -7.3173789375158149e-01, 5.6028691887885396e-02,
    -3.1547317223845328e-01, -5.2767670099884467e-01 ]
sample61: [ -2.6316563336192633e-01, 5.9771920485199503e-01,
    -1.2715558311665223e+00, -5.2767670099884467e-01 ]
sample62: [ -7.3173789375158149e-01, -2.8079169117313141e-01,
    -4.1939520038280853e-01, 1.4868906186828346e+00 ]
sample63: [ 5.1778813395416545e-01, 1.8651361101846873e+00,
    -8.7249524309219784e-01, -5.2767670099884467e-01 ]
sample64: [ 2.0540662702772883e-01, -2.1828893967727270e-01,
    -4.5680713051477650e-01, -5.2767670099884467e-01 ]
sample65: [ 3.6159738049094692e-01, 2.9909494770511391e-01,
    -7.2700440369010033e-01, -5.2767670099884467e-01 ]
sample66: [ 5.1778813395416545e-01, -4.4399332007898495e-01,
    -7.9767138282826200e-01, -5.2767670099884467e-01 ]
sample67: [ 4.9215873564510293e-02, 7.3661420817612555e-01,
    -1.0886530616324570e+00, -2.8713134939506207e-01 ]
sample68: [ 1.1425511478070387e+00, 1.0977412168188652e+00,
    -9.5978974673345629e-01, -5.2767670099884467e-01 ]
