%YAML:1.0
---
sample0: [ -9.1462333654098815e-01, -8.1914797551499152e-01,
    -9.9767381687931167e-01, 9.2668253601007811e-01 ]
sample1: [ 2.8843117303237964e-02, -8.7946815044245774e-01,
    7.4078446397023789e-01, 3.5295306462659637e-01 ]
sample2: [ 2.8843117303237964e-02, -9.8365754349899037e-01,
    8.0227334207102574e-01, 5.7797440620065421e-02 ]
sample3: [ -6.4506149258549494e-01, -8.9591910724085766e-01,
    2.4328354115477202e-01, 5.4530167352972891e-01 ]
sample4: [ -2.4071872665225547e-01, 1.0891630130993950e+00,
    2.6972487671771268e+00, -9.5037457845842244e-01 ]
sample5: [ 4.3318588323647722e-01, -9.3978832536992396e-01,
    -9.9208391887014913e-01, 2.9325866876010687e-01 ]
sample6: [ 5.6796680521422394e-01, -8.5753354137792459e-01,
    8.5258242415348873e-01, 3.6953484125617675e-01 ]
sample7: [ -3.7549964863000174e-01, -9.6172293443445722e-01,
    -1.4895848416856152e+00, 1.7055352170121196e-01 ]
sample8: [ 5.6796680521422394e-01, -2.8723370570006201e-01,
    -6.7904963035704702e-01, 8.8356991677316898e-01 ]
sample9: [ -1.1841851804964811e+00, -9.1785371630539081e-01,
    -1.2100899412274881e+00, 2.0371707496037295e-01 ]
sample10: [ 1.6362403928098423e-01, -9.7817389123285703e-01,
    -1.1262414710900501e+00, 1.5866372458673776e+00 ]
sample11: [ 2.0505569469694360e+00, -7.8624606191819180e-01,
    2.6916588691679642e+00, -9.7027271041391883e-01 ]
sample12: [ 5.6796680521422394e-01, -9.4527197763605730e-01,
    -3.0452646374315684e-01, 8.4377365286217598e-01 ]
sample13: [ -1.4537470244519741e+00, -4.6271057821632744e-01,
    2.1214892722333851e+00, -4.1975772631184993e-01 ]
sample14: [ -1.0494042585187346e+00, -9.7269023896672380e-01,
    2.1103094762150598e+00, 4.4912736907816275e-01 ]
sample15: [ -3.7549964863000174e-01, -8.6301719364405793e-01,
    -1.4504555556214773e+00, 7.8407925699568670e-01 ]
sample16: [ -6.4506149258549494e-01, -9.2333736857152415e-01,
    8.1176498889058424e-02, 4.4581101375224663e-01 ]
sample17: [ 4.3318588323647722e-01, -8.7946815044245774e-01,
    -9.7700237404142909e-02, 1.2583180686016857e+00 ]
sample18: [ -9.1462333654098815e-01, -7.9721336645045837e-01,
    1.2662348768315166e+00, 1.9647017530218105e+00 ]
sample19: [ -1.3189661024742276e+00, -8.0818067098272495e-01,
    -1.2380394312733007e+00, 9.8306057655065127e-01 ]
sample20: [ 4.3318588323647722e-01, -8.9043545497472443e-01,
    1.3948025310422549e+00, -7.8173127742493742e-02 ]
sample21: [ 9.7230957114746364e-01, -9.7817389123285703e-01,
    -1.1765505531725129e+00, 8.1392645492893134e-01 ]
sample22: [ -1.5885279464297208e+00, 1.0014245768412624e+00,
    8.9730160822678906e-01, -1.3085409536573589e+00 ]
sample23: [ -3.7549964863000174e-01, -9.8365754349899037e-01,
    4.9482895156708606e-01, 1.8050258767896032e-01 ]
sample24: [ 7.0274772719197065e-01, -8.4108258457952467e-01,
    -1.3498373914565516e+00, 9.0015169340274914e-01 ]
sample25: [ -6.4506149258549494e-01, -1.0001085002973902e+00,
    4.0539058342048584e-01, 1.2080819181247082e-01 ]
sample26: [ 1.3766523370807033e+00, -9.1237006403925758e-01,
    4.3334007346629821e-01, 7.1775215047736518e-01 ]
sample27: [ -2.4071872665225547e-01, -9.2333736857152415e-01,
    -1.0815222870167498e+00, 9.9632599785431575e-01 ]
sample28: [ -1.8580897903852138e+00, -9.7269023896672380e-01,
    -1.1150616750717250e+00, 1.6828115503189438e+00 ]
sample29: [ -1.4537470244519741e+00, -8.6850084591019117e-01,
    -1.2156798392366506e+00, 9.9632599785431575e-01 ]
sample30: [ 2.8843117303237964e-02, -6.2722014620032618e-01,
    5.1718854360373623e-01, 1.4307685455493218e+00 ]
sample31: [ -1.1841851804964811e+00, 1.3578619741399263e+00,
    1.4227520210880678e+00, -7.2817877162204514e-01 ]
sample32: [ -7.7984241456324144e-01, -9.2333736857152415e-01,
    2.0320509040867845e+00, -2.7383809197154241e-01 ]
sample33: [ -1.0494042585187346e+00, -6.4915475526485944e-01,
    1.2606449788223539e+00, -9.9348719769533145e-01 ]
sample34: [ -1.0494042585187346e+00, -8.9591910724085766e-01,
    7.0165517790610021e-01, 1.0659694596985534e+00 ]
sample35: [ -9.1462333654098815e-01, -9.3430467310379073e-01,
    2.0767700881600848e+00, -6.0878997988906636e-01 ]
sample36: [ -1.5885279464297208e+00, -7.5334414832139207e-01,
    1.0873581405383153e+00, 1.7823022100964261e+00 ]
sample37: [ -7.7984241456324144e-01, -5.6141631900672673e-01,
    1.5624994713171314e+00, -3.7332875174902469e-01 ]
sample38: [ -1.4537470244519741e+00, -9.2333736857152415e-01,
    2.0655902921417599e+00, 7.1775215047736518e-01 ]
sample39: [ -7.7984241456324144e-01, -5.3399805767606023e-01,
    1.5513196752988061e+00, 8.3382458688442762e-01 ]
sample40: [ -5.1028057060774845e-01, -2.0497892170806253e-01,
    1.6128085533995939e+00, 2.8994231343419097e-01 ]
sample41: [ 7.0274772719197065e-01, -8.9591910724085766e-01,
    -8.3556677461359807e-01, 2.2233774684432648e+00 ]
sample42: [ -1.8580897903852138e+00, -9.3978832536992396e-01,
    -2.6539717767901916e-01, 8.4045729753625986e-01 ]
sample43: [ -6.4506149258549494e-01, -9.1237006403925758e-01,
    -1.4001464735390146e+00, 1.0095914191579798e+00 ]
sample44: [ 2.8843117303237964e-02, -9.1785371630539081e-01,
    7.4637436197940055e-01, 7.5091570373652594e-01 ]
sample45: [ -5.1028057060774845e-01, -9.6172293443445722e-01,
    -1.5007646377039401e+00, 5.0218905429282001e-01 ]
sample46: [ 5.6796680521422394e-01, -7.9172971418432514e-01,
    2.4065740707006742e+00, 1.1720928301278679e+00 ]
sample47: [ -3.7549964863000174e-01, -7.9721336645045837e-01,
    -2.4303758564236899e-01, 1.5103610733713078e+00 ]
sample48: [ 4.3318588323647722e-01, -9.0140275950699089e-01,
    -1.5398939237680780e+00, 2.1338358746435304e+00 ]
sample49: [ -1.0494042585187346e+00, -3.4207022836139489e-01,
    8.0227334207102574e-01, -7.4476054825162552e-01 ]
sample50: [ -2.4071872665225547e-01, -8.8495180270859108e-01,
    2.5575013169480632e+00, -7.8124045683670240e-01 ]
sample51: [ -1.3189661024742276e+00, -8.8495180270859108e-01,
    -9.7700237404142909e-02, 2.7374125439602564e+00 ]
sample52: [ -9.1462333654098815e-01, 2.9403343451006725e-01,
    -3.7719513786226977e-01, -2.1746005143096903e-01 ]
sample53: [ -2.1276516343407068e+00, -6.3270379846645952e-01,
    -5.0017289406384569e-01, 2.4721041178869707e+00 ]
sample54: [ 1.6462141810361963e+00, 4.3660839342953284e-01,
    -3.9955472989891994e-01, -3.7332875174902469e-01 ]
sample55: [ 1.6362403928098423e-01, -8.0269701871659160e-01,
    1.5289600832621559e+00, 3.4582953338652800e-02 ]
sample56: [ -9.1462333654098815e-01, -7.6431145285365854e-01,
    -6.8463952836620945e-01, 2.4721041178869707e+00 ]
sample57: [ -2.4071872665225547e-01, -9.0140275950699089e-01,
    -1.1206515730808877e+00, 1.6098517331487900e+00 ]
sample58: [ -1.0593780467450875e-01, -9.6172293443445722e-01,
    7.5755415799772541e-01, -6.8224061764745603e-02 ]
sample59: [ -1.0593780467450875e-01, -5.8335092807125988e-01,
    1.3053641628956543e+00, -8.5088391868094004e-01 ]
sample60: [ 1.6362403928098423e-01, -7.9721336645045837e-01,
    5.9544711573201203e-01, -2.8378715794929077e-01 ]
sample61: [ 5.6796680521422394e-01, -8.9043545497472443e-01,
    2.5742710109755511e+00, -4.2639043696368195e-01 ]
sample62: [ 2.9840496125873095e-01, 2.5016421638100095e-01,
    6.5693599383279988e-01, -1.4312461007162538e+00 ]
sample63: [ 2.8843117303237964e-02, -8.5753354137792459e-01,
    -2.9334666772483176e-01, 1.7192914589040207e+00 ]
sample64: [ -5.1028057060774845e-01, -9.1785371630539081e-01,
    9.8115007836422707e-01, -4.2307408163776605e-01 ]
sample65: [ 2.8843117303237964e-02, -9.2882102083765750e-01,
    -1.3610171874748767e+00, 1.1720928301278679e+00 ]
sample66: [ 8.3752864916971692e-01, -1.0055921525635236e+00,
    -1.3833767795115268e+00, 2.1437849406212788e+00 ]
sample67: [ 7.0274772719197065e-01, -9.1237006403925758e-01,
    -1.0200334089159617e+00, 1.2947979771867626e+00 ]
sample68: [ 4.3318588323647722e-01, -7.6979510511979188e-01,
    1.6798873295095444e+00, 1.4838302307639792e+00 ]
